NC_008769.1	NC_002944.2	85.519	9675	1270	95	2803929	2813499	2614708	2624355	0.0	9984	
NC_008769.1	NC_002944.2	89.563	7895	760	42	790852	798729	4602832	4610679	0.0	9956	
NC_008769.1	NC_002944.2	95.152	4971	181	40	1498360	1503310	2752818	2747888	0.0	7790	
NC_008769.1	NC_002944.2	81.427	9390	1443	209	2707495	2716756	2531146	2540362	0.0	7400	
NC_008769.1	NC_002944.2	82.668	7841	1220	100	2741476	2749270	2564040	2571787	0.0	6822	
NC_008769.1	NC_002944.2	79.155	9940	1859	161	2280916	2290735	1962567	1972413	0.0	6680	
NC_008769.1	NC_002944.2	84.898	6562	930	50	4302184	4308711	182673	176139	0.0	6571	
NC_008769.1	NC_002944.2	82.482	7364	1110	108	3339956	3347212	3403324	3410614	0.0	6287	
NC_008769.1	NC_002944.2	80.507	8326	1446	120	373154	381387	4221497	4229737	0.0	6220	
NC_008769.1	NC_002944.2	82.621	7181	1073	92	1487573	1494636	2762243	2755121	0.0	6185	
NC_008769.1	NC_002944.2	83.495	6586	1014	50	1648532	1655098	1232416	1238947	0.0	6072	
NC_008769.1	NC_002944.2	85.737	5560	738	42	2495280	2500808	2202493	2208028	0.0	5823	
NC_008769.1	NC_002944.2	83.620	6227	974	37	4339291	4345485	4793123	4799335	0.0	5806	
NC_008769.1	NC_002944.2	84.836	5823	806	49	1580637	1586413	1169497	1175288	0.0	5790	
NC_008769.1	NC_002944.2	83.076	6275	933	99	583409	589626	4416316	4422518	0.0	5585	
NC_008769.1	NC_002944.2	81.273	6883	1207	67	716002	722850	4551662	4558496	0.0	5494	
NC_008769.1	NC_002944.2	83.582	5756	907	33	2018701	2024443	1643768	1649498	0.0	5360	
NC_008769.1	NC_002944.2	82.100	6363	1050	67	3894155	3900488	592619	586317	0.0	5358	
NC_008769.1	NC_002944.2	80.723	6941	1162	133	2835334	2842195	1134730	1127887	0.0	5243	
NC_008769.1	NC_002944.2	83.794	5572	818	57	1112297	1117826	939436	944964	0.0	5208	
NC_008769.1	NC_002944.2	82.601	5966	950	65	4054532	4060443	455199	449268	0.0	5186	
NC_008769.1	NC_002944.2	82.051	6123	1006	67	2468013	2474077	2168288	2174375	0.0	5132	
NC_008769.1	NC_002944.2	76.977	9447	1861	244	1823941	1833214	1400053	1409358	0.0	5107	
NC_008769.1	NC_002944.2	79.911	6979	1176	138	3628457	3635297	3788903	3795793	0.0	4913	
NC_008769.1	NC_002944.2	79.911	6979	1176	138	3664620	3671460	3788903	3795793	0.0	4913	
NC_008769.1	NC_002944.2	83.525	5311	789	60	4498	9764	4500	9768	0.0	4881	
NC_008769.1	NC_002944.2	83.525	5311	789	57	34165	39431	4500	9768	0.0	4881	
NC_008769.1	NC_002944.2	82.464	5480	848	69	1692036	1697456	1263916	1269341	0.0	4691	
NC_008769.1	NC_002944.2	79.690	6780	1156	140	3350890	3357591	3431730	3438366	0.0	4687	
NC_008769.1	NC_002944.2	81.491	5889	886	127	618856	624665	4446797	4452560	0.0	4649	
NC_008769.1	NC_002944.2	79.458	6791	1187	139	4275829	4282533	207640	200972	0.0	4621	
NC_008769.1	NC_002944.2	81.424	5717	965	61	1926670	1932353	1516760	1522412	0.0	4584	
NC_008769.1	NC_002944.2	81.280	5705	949	94	1155957	1161601	1009362	1015007	0.0	4508	
NC_008769.1	NC_002944.2	82.102	5358	836	75	1941563	1946877	1523338	1528615	0.0	4468	
NC_008769.1	NC_002944.2	80.892	5804	980	92	4074388	4080133	438148	432416	0.0	4455	
NC_008769.1	NC_002944.2	80.433	5862	1052	65	4329913	4335735	170426	164621	0.0	4383	
NC_008769.1	NC_002944.2	78.893	6685	1232	133	2421898	2428488	2120215	2126814	0.0	4362	
NC_008769.1	NC_002944.2	82.775	4958	780	56	3575646	3580562	3729418	3734342	0.0	4357	
NC_008769.1	NC_002944.2	79.805	6160	1103	96	1779974	1786038	1350604	1356717	0.0	4353	
NC_008769.1	NC_002944.2	83.653	4686	698	60	2489241	2493891	2196282	2200934	0.0	4348	
NC_008769.1	NC_002944.2	79.527	6345	1104	147	1877906	1884171	1470627	1476855	0.0	4340	
NC_008769.1	NC_002944.2	80.620	5805	933	130	2394938	2400624	2096905	2102635	0.0	4311	
NC_008769.1	NC_002944.2	81.442	5297	910	61	4239417	4244687	222581	217332	0.0	4268	
NC_008769.1	NC_002944.2	84.009	4390	643	41	3935217	3939587	570987	566638	0.0	4163	
NC_008769.1	NC_002944.2	82.290	4918	741	84	528124	532960	4359170	4364038	0.0	4137	
NC_008769.1	NC_002944.2	79.119	6173	1134	108	4171528	4177652	297120	291055	0.0	4115	
NC_008769.1	NC_002944.2	85.036	4043	565	24	1759526	1763560	1335768	1339778	0.0	4078	
NC_008769.1	NC_002944.2	80.764	5287	935	59	3981843	3987075	533800	528542	0.0	4054	
NC_008769.1	NC_002944.2	80.526	5402	950	72	1912802	1918149	1501837	1507190	0.0	4054	
NC_008769.1	NC_002944.2	85.276	3973	532	43	4229567	4233503	232521	228566	0.0	4047	
NC_008769.1	NC_002944.2	84.483	4176	567	65	3365557	3369688	3446783	3450921	0.0	4047	
NC_008769.1	NC_002944.2	80.063	5683	938	139	3597380	3602990	3751629	3757188	0.0	4037	
NC_008769.1	NC_002944.2	81.382	5065	824	96	1706326	1711318	1282659	1287676	0.0	4019	
NC_008769.1	NC_002944.2	87.637	3470	416	11	1419078	1422542	2854204	2850743	0.0	4019	
NC_008769.1	NC_002944.2	84.562	4068	578	28	2300352	2304406	1979244	1983274	0.0	3988	
NC_008769.1	NC_002944.2	80.939	5199	852	100	4197346	4202502	265422	260321	0.0	3982	
NC_008769.1	NC_002944.2	81.474	4939	833	66	1406677	1411569	2867052	2862150	0.0	3976	
NC_008769.1	NC_002944.2	79.924	5504	987	85	3558276	3563694	3711646	3717116	0.0	3934	
NC_008769.1	NC_002944.2	81.441	4914	812	74	2671693	2676526	2469406	2474299	0.0	3930	
NC_008769.1	NC_002944.2	83.291	4333	657	41	1516643	1520920	2735187	2730867	0.0	3928	
NC_008769.1	NC_002944.2	83.009	4467	621	66	630903	635314	4461679	4466062	0.0	3917	
NC_008769.1	NC_002944.2	82.698	4485	698	63	4211094	4215540	254948	250504	0.0	3912	
NC_008769.1	NC_002944.2	87.620	3320	389	13	3769065	3772370	3860542	3863853	0.0	3834	
NC_008769.1	NC_002944.2	81.936	4639	729	65	3132390	3136965	3271852	3276444	0.0	3823	
NC_008769.1	NC_002944.2	87.201	3344	366	49	812743	816051	4617511	4620827	0.0	3747	
NC_008769.1	NC_002944.2	79.410	5488	988	102	1921245	1926655	1511192	1516614	0.0	3744	
NC_008769.1	NC_002944.2	84.417	3844	519	57	213492	217304	3970750	3974544	0.0	3707	
NC_008769.1	NC_002944.2	84.322	3859	530	53	3464617	3468434	3551201	3555025	0.0	3705	
NC_008769.1	NC_002944.2	80.679	4860	857	51	155477	160303	3891343	3896153	0.0	3698	
NC_008769.1	NC_002944.2	82.882	4212	624	65	3966275	3970430	545661	541491	0.0	3694	
NC_008769.1	NC_002944.2	81.824	4506	720	78	578404	582852	4411270	4415733	0.0	3692	
NC_008769.1	NC_002944.2	84.230	3830	550	35	1618816	1622597	1200273	1204096	0.0	3677	
NC_008769.1	NC_002944.2	82.076	4402	689	68	2461302	2465630	2160124	2164498	0.0	3666	
NC_008769.1	NC_002944.2	84.796	3703	472	50	874144	877795	4682855	4686517	0.0	3635	
NC_008769.1	NC_002944.2	85.523	3516	443	40	1687720	1691199	1259531	1263016	0.0	3613	
NC_008769.1	NC_002944.2	84.551	3709	498	42	3987615	3991286	528513	524843	0.0	3605	
NC_008769.1	NC_002944.2	79.539	5254	919	109	4035755	4040920	468193	463008	0.0	3603	
NC_008769.1	NC_002944.2	88.802	2947	310	13	1848970	1851907	1437447	1440382	0.0	3596	
NC_008769.1	NC_002944.2	83.943	3830	535	55	1251936	1255722	3036819	3033027	0.0	3592	
NC_008769.1	NC_002944.2	84.571	3662	511	39	1169429	1173070	1025459	1029086	0.0	3583	
NC_008769.1	NC_002944.2	80.572	4787	813	81	2944765	2949495	3126360	3131085	0.0	3579	
NC_008769.1	NC_002944.2	84.179	3723	519	50	317850	321525	4105109	4108808	0.0	3548	
NC_008769.1	NC_002944.2	85.216	3497	465	38	985472	988950	808949	812411	0.0	3546	
NC_008769.1	NC_002944.2	82.347	4124	672	39	3512672	3516777	3654785	3658870	0.0	3531	
NC_008769.1	NC_002944.2	84.775	3573	476	37	1874299	1877838	1467065	1470602	0.0	3522	
NC_008769.1	NC_002944.2	86.288	3289	363	44	833969	837236	4639822	4643043	0.0	3494	
NC_008769.1	NC_002944.2	83.658	3751	570	39	1318647	1322380	2958246	2954522	0.0	3491	
NC_008769.1	NC_002944.2	85.693	3320	442	19	3314071	3317361	3377461	3380776	0.0	3469	
NC_008769.1	NC_002944.2	86.504	3201	375	35	3978538	3981705	536973	533797	0.0	3465	
NC_008769.1	NC_002944.2	83.673	3724	554	43	3468463	3472167	3555087	3558775	0.0	3459	
NC_008769.1	NC_002944.2	91.119	2556	222	5	4017100	4019653	490816	488264	0.0	3458	
NC_008769.1	NC_002944.2	84.769	3460	504	15	4123162	4126606	330098	333549	0.0	3448	
NC_008769.1	NC_002944.2	77.950	5728	1120	120	1387486	1393130	2882359	2876692	0.0	3448	
NC_008769.1	NC_002944.2	82.002	4056	705	19	47347	51385	18745	22792	0.0	3422	
NC_008769.1	NC_002944.2	83.289	3746	592	30	1474576	1478304	2774947	2771219	0.0	3419	
NC_008769.1	NC_002944.2	81.356	4307	708	70	1358993	1363259	2919476	2915225	0.0	3417	
NC_008769.1	NC_002944.2	83.617	3705	532	43	3958395	3962042	553999	550313	0.0	3410	
NC_008769.1	NC_002944.2	84.495	3502	462	49	2349143	2352582	2013783	2017265	0.0	3384	
NC_008769.1	NC_002944.2	85.343	3268	460	16	2824966	2828225	1147860	1144604	0.0	3363	
NC_008769.1	NC_002944.2	82.818	3847	554	68	3580639	3584411	3734439	3738252	0.0	3343	
NC_008769.1	NC_002944.2	80.649	4408	767	63	310742	315103	4097165	4101532	0.0	3336	
NC_008769.1	NC_002944.2	77.495	5852	1122	134	3526949	3532713	3668920	3674663	0.0	3330	
NC_008769.1	NC_002944.2	82.308	3951	584	81	2385672	2389557	2087284	2091184	0.0	3317	
NC_008769.1	NC_002944.2	83.472	3618	537	47	2687054	2690622	2507878	2511483	0.0	3312	
NC_008769.1	NC_002944.2	84.180	3464	492	35	3017962	3021415	3190146	3193563	0.0	3310	
NC_008769.1	NC_002944.2	89.452	2626	270	7	490271	492892	4316696	4314074	0.0	3308	
NC_008769.1	NC_002944.2	76.210	6675	1331	171	382453	388959	4230749	4237334	0.0	3291	
NC_008769.1	NC_002944.2	80.516	4378	773	58	42816	47156	14238	18572	0.0	3286	
NC_008769.1	NC_002944.2	84.114	3437	502	33	856134	859539	4667862	4671285	0.0	3282	
NC_008769.1	NC_002944.2	80.758	4298	744	62	1799249	1803497	1377236	1381499	0.0	3278	
NC_008769.1	NC_002944.2	80.135	4606	733	102	2329047	2333507	2004152	2008720	0.0	3269	
NC_008769.1	NC_002944.2	81.081	4255	661	105	773591	777779	4591784	4595960	0.0	3265	
NC_008769.1	NC_002944.2	84.413	3349	477	34	1464594	1467914	2790203	2786872	0.0	3251	
NC_008769.1	NC_002944.2	85.191	3194	431	36	1870814	1873984	1463444	1466618	0.0	3240	
NC_008769.1	NC_002944.2	79.886	4554	805	69	821438	825915	4628501	4633019	0.0	3232	
NC_008769.1	NC_002944.2	79.114	4874	851	118	3889345	3894098	597581	592755	0.0	3206	
NC_008769.1	NC_002944.2	83.537	3517	485	68	648288	651748	4483873	4487351	0.0	3201	
NC_008769.1	NC_002944.2	83.135	3534	564	27	2778728	2782240	2592916	2596438	0.0	3195	
NC_008769.1	NC_002944.2	83.716	3439	501	45	3297940	3301335	3364642	3368064	0.0	3193	
NC_008769.1	NC_002944.2	79.269	4679	866	81	2501807	2506435	2209733	2214357	0.0	3171	
NC_008769.1	NC_002944.2	80.584	4213	727	64	1076634	1080802	904317	908482	0.0	3164	
NC_008769.1	NC_002944.2	81.335	3970	673	43	1807304	1811246	1384780	1388708	0.0	3164	
NC_008769.1	NC_002944.2	83.924	3359	487	35	3676266	3679611	3801334	3804652	0.0	3162	
NC_008769.1	NC_002944.2	84.281	3289	458	44	1161991	1165252	1015242	1018498	0.0	3155	
NC_008769.1	NC_002944.2	86.891	2853	323	37	3570174	3573014	3722955	3725768	0.0	3149	
NC_008769.1	NC_002944.2	74.184	8514	1764	340	750915	759201	4561954	4570260	0.0	3145	
NC_008769.1	NC_002944.2	82.475	3612	597	27	2607191	2610778	2370136	2373735	0.0	3131	
NC_008769.1	NC_002944.2	81.371	3924	654	47	2718231	2722109	2543433	2547324	0.0	3125	
NC_008769.1	NC_002944.2	88.811	2574	245	20	3693580	3696134	3821763	3824312	0.0	3118	
NC_008769.1	NC_002944.2	86.886	2791	331	22	3815298	3818075	4747207	4744439	0.0	3094	
NC_008769.1	NC_002944.2	80.151	4247	754	66	3584614	3588818	3738481	3742680	0.0	3090	
NC_008769.1	NC_002944.2	83.954	3247	485	25	2904436	2907658	3049880	3053114	0.0	3077	
NC_008769.1	NC_002944.2	85.832	2922	377	28	2872277	2875176	1098192	1095286	0.0	3068	
NC_008769.1	NC_002944.2	79.420	4417	839	57	229555	233928	4000964	4005353	0.0	3057	
NC_008769.1	NC_002944.2	82.204	3630	569	48	3962034	3965623	550265	546673	0.0	3053	
NC_008769.1	NC_002944.2	81.850	3675	626	34	553196	556851	4387355	4391007	0.0	3053	
NC_008769.1	NC_002944.2	83.915	3239	465	33	3617375	3620575	3777804	3781024	0.0	3044	
NC_008769.1	NC_002944.2	79.738	4279	798	54	521581	525811	4344825	4349082	0.0	3035	
NC_008769.1	NC_002944.2	85.363	2972	379	34	1577689	1580640	1166500	1169435	0.0	3027	
NC_008769.1	NC_002944.2	80.079	4302	672	120	2968873	2973107	3145980	3150163	0.0	3025	
NC_008769.1	NC_002944.2	78.736	4698	874	105	3622865	3627490	3784225	3788869	0.0	3025	
NC_008769.1	NC_002944.2	84.523	3082	448	25	1638094	1641155	1221878	1224950	0.0	3022	
NC_008769.1	NC_002944.2	81.734	3761	542	81	3900593	3904316	586201	582549	0.0	3005	
NC_008769.1	NC_002944.2	81.883	3643	560	66	330198	333800	4117240	4120822	0.0	2979	
NC_008769.1	NC_002944.2	81.641	3644	615	43	4090400	4094028	422168	418564	0.0	2974	
NC_008769.1	NC_002944.2	78.621	4654	872	79	3281185	3285760	3344920	3349528	0.0	2968	
NC_008769.1	NC_002944.2	82.920	3349	513	46	2733425	2736739	2556026	2559349	0.0	2961	
NC_008769.1	NC_002944.2	77.543	5161	995	135	2880758	2885828	1089861	1084775	0.0	2959	
NC_008769.1	NC_002944.2	86.891	2670	314	26	1673893	1676541	1247905	1250559	0.0	2959	
NC_008769.1	NC_002944.2	82.355	3457	560	30	2435376	2438819	2133724	2137143	0.0	2959	
NC_008769.1	NC_002944.2	80.574	3974	660	66	326149	330046	4113103	4117040	0.0	2959	
NC_008769.1	NC_002944.2	83.000	3300	518	31	3474212	3477497	3560690	3563960	0.0	2946	
NC_008769.1	NC_002944.2	81.347	3683	631	51	1789864	1793516	1360853	1364509	0.0	2944	
NC_008769.1	NC_002944.2	86.017	2782	342	34	1838694	1841458	1417617	1420368	0.0	2939	
NC_008769.1	NC_002944.2	82.235	3428	581	20	3953404	3956822	558406	554998	0.0	2931	
NC_008769.1	NC_002944.2	83.701	3129	466	31	3803520	3806638	3881953	3885047	0.0	2913	
NC_008769.1	NC_002944.2	82.377	3399	543	43	2996773	3000138	3173396	3176771	0.0	2907	
NC_008769.1	NC_002944.2	80.820	3754	668	36	1765912	1769633	1340910	1344643	0.0	2896	
NC_008769.1	NC_002944.2	83.271	3210	467	46	537960	541133	4374021	4377196	0.0	2889	
NC_008769.1	NC_002944.2	80.914	3720	652	49	979960	983656	803321	807005	0.0	2883	
NC_008769.1	NC_002944.2	79.901	4030	729	66	1609305	1613297	1189835	1193820	0.0	2880	
NC_008769.1	NC_002944.2	79.523	4195	729	95	4359629	4363750	4814897	4819034	0.0	2868	
NC_008769.1	NC_002944.2	79.856	4031	720	67	3187885	3191868	3325483	3329468	0.0	2861	
NC_008769.1	NC_002944.2	78.941	4345	806	83	882143	886451	616010	620281	0.0	2854	
NC_008769.1	NC_002944.2	82.307	3363	524	46	2702313	2705617	2527449	2530798	0.0	2848	
NC_008769.1	NC_002944.2	84.950	2824	409	15	1117824	1120639	945015	947830	0.0	2846	
NC_008769.1	NC_002944.2	82.097	3396	544	42	1748617	1751972	1324148	1327519	0.0	2844	
NC_008769.1	NC_002944.2	80.815	3680	658	33	1625857	1629503	1214198	1217862	0.0	2841	
NC_008769.1	NC_002944.2	79.805	4001	720	59	3293653	3297630	3360342	3364277	0.0	2832	
NC_008769.1	NC_002944.2	81.030	3611	637	36	1863894	1867492	1459860	1463434	0.0	2830	
NC_008769.1	NC_002944.2	78.939	4278	816	61	1896488	1900731	1483116	1487342	0.0	2830	
NC_008769.1	NC_002944.2	87.175	2503	295	21	3929745	3932228	576746	574251	0.0	2820	
NC_008769.1	NC_002944.2	83.067	3130	492	25	2076550	2079655	1693345	1696460	0.0	2809	
NC_008769.1	NC_002944.2	78.528	4401	835	79	4117061	4121388	323601	327964	0.0	2791	
NC_008769.1	NC_002944.2	83.366	3030	484	19	3307967	3310986	3373750	3376769	0.0	2785	
NC_008769.1	NC_002944.2	79.822	3935	700	60	910340	914237	646681	650558	0.0	2782	
NC_008769.1	NC_002944.2	81.330	3503	569	59	2941213	2944682	3121852	3125302	0.0	2767	
NC_008769.1	NC_002944.2	86.236	2572	329	20	1257586	1260149	3029452	3026898	0.0	2765	
NC_008769.1	NC_002944.2	84.319	2857	407	24	3831950	3834787	4727776	4724942	0.0	2756	
NC_008769.1	NC_002944.2	82.609	3174	497	45	4021953	4025095	485934	482785	0.0	2752	
NC_008769.1	NC_002944.2	79.507	3972	714	71	2980687	2984619	3158713	3162623	0.0	2734	
NC_008769.1	NC_002944.2	81.545	3392	541	50	677167	680534	4512373	4515703	0.0	2717	
NC_008769.1	NC_002944.2	82.244	3199	516	34	932077	935237	660343	663527	0.0	2713	
NC_008769.1	NC_002944.2	85.529	2626	335	29	450603	453204	4295382	4297986	0.0	2702	
NC_008769.1	NC_002944.2	83.526	2938	429	34	1084261	1087164	915865	918781	0.0	2693	
NC_008769.1	NC_002944.2	83.579	2917	434	29	3490657	3493550	3575657	3578551	0.0	2691	
NC_008769.1	NC_002944.2	84.842	2685	384	17	1835953	1838627	1412755	1415426	0.0	2682	
NC_008769.1	NC_002944.2	78.900	4071	775	70	3180485	3184519	3318361	3322383	0.0	2682	
NC_008769.1	NC_002944.2	83.288	2944	458	29	2093209	2096129	1709513	1712445	0.0	2680	
NC_008769.1	NC_002944.2	83.691	2888	422	24	3107022	3109873	3246432	3249306	0.0	2678	
NC_008769.1	NC_002944.2	78.208	4364	815	101	173808	178086	3925396	3929708	0.0	2665	
NC_008769.1	NC_002944.2	80.537	3648	555	115	1857221	1860773	1454248	1457835	0.0	2660	
NC_008769.1	NC_002944.2	81.787	3256	519	48	2305088	2308301	1986685	1989908	0.0	2660	
NC_008769.1	NC_002944.2	80.410	3614	602	78	4083907	4087465	428700	425138	0.0	2654	
NC_008769.1	NC_002944.2	77.722	4565	863	103	662625	667097	4496768	4501270	0.0	2654	
NC_008769.1	NC_002944.2	83.794	2820	429	23	2818792	2821592	1154086	1151276	0.0	2651	
NC_008769.1	NC_002944.2	84.030	2799	395	31	2727703	2730482	2549889	2552654	0.0	2645	
NC_008769.1	NC_002944.2	82.458	3067	497	35	2753261	2756305	2577185	2580232	0.0	2645	
NC_008769.1	NC_002944.2	82.831	3017	456	37	500449	503416	4333817	4336820	0.0	2645	
NC_008769.1	NC_002944.2	79.914	3739	642	78	1697545	1701203	1269459	1273168	0.0	2643	
NC_008769.1	NC_002944.2	80.902	3435	570	68	3546914	3550296	3688910	3692310	0.0	2630	
NC_008769.1	NC_002944.2	80.902	3435	570	68	3646066	3649448	3688910	3692310	0.0	2630	
NC_008769.1	NC_002944.2	80.768	3463	580	54	1175021	1178450	1031208	1034617	0.0	2627	
NC_008769.1	NC_002944.2	79.790	3706	675	53	1447033	1450692	2809253	2805576	0.0	2627	
NC_008769.1	NC_002944.2	80.522	3522	596	60	2854275	2857778	1124891	1121442	0.0	2621	
NC_008769.1	NC_002944.2	81.116	3315	579	33	1853758	1857061	1450744	1454022	0.0	2610	
NC_008769.1	NC_002944.2	81.294	3277	561	42	4000365	4003629	506633	503397	0.0	2608	
NC_008769.1	NC_002944.2	79.908	3688	634	60	4135406	4139021	340711	344363	0.0	2606	
NC_008769.1	NC_002944.2	78.753	3977	782	46	904459	908395	638510	642463	0.0	2604	
NC_008769.1	NC_002944.2	81.888	3125	523	32	3944775	3947881	563936	560837	0.0	2595	
NC_008769.1	NC_002944.2	80.894	3334	597	31	1037176	1040497	857842	861147	0.0	2591	
NC_008769.1	NC_002944.2	81.144	3288	556	50	1013198	1016448	840452	843712	0.0	2579	
NC_008769.1	NC_002944.2	87.335	2274	260	19	3099159	3101418	3237086	3239345	0.0	2579	
NC_008769.1	NC_002944.2	88.047	2192	238	12	1842243	1844418	1430256	1432439	0.0	2575	
NC_008769.1	NC_002944.2	82.503	2989	471	43	3357671	3360645	3438464	3441414	0.0	2575	
NC_008769.1	NC_002944.2	87.212	2260	287	2	926248	928506	657382	659640	0.0	2571	
NC_008769.1	NC_002944.2	84.812	2581	367	15	3458483	3461043	3538191	3540766	0.0	2571	
NC_008769.1	NC_002944.2	81.944	3096	496	42	2617105	2620174	2393738	2396796	0.0	2562	
NC_008769.1	NC_002944.2	87.137	2270	273	14	4029669	4031929	477996	475737	0.0	2556	
NC_008769.1	NC_002944.2	85.068	2518	359	12	1334342	1336846	2945106	2942593	0.0	2551	
NC_008769.1	NC_002944.2	79.927	3572	635	50	1230866	1234394	1067345	1070877	0.0	2549	
NC_008769.1	NC_002944.2	84.408	2591	378	17	1165981	1168555	1020370	1022950	0.0	2523	
NC_008769.1	NC_002944.2	80.225	3464	596	53	602629	606030	4434393	4437829	0.0	2519	
NC_008769.1	NC_002944.2	86.920	2286	247	29	831586	833844	4637561	4639821	0.0	2518	
NC_008769.1	NC_002944.2	82.067	3000	491	33	3679573	3682539	3804556	3807541	0.0	2516	
NC_008769.1	NC_002944.2	79.050	3747	717	54	851313	855033	4663164	4666868	0.0	2508	
NC_008769.1	NC_002944.2	83.674	2689	405	30	4226783	4229448	235416	232739	0.0	2503	
NC_008769.1	NC_002944.2	79.012	3745	718	43	1040760	1044476	861343	865047	0.0	2499	
NC_008769.1	NC_002944.2	82.246	2912	499	18	2563012	2565914	2308178	2311080	0.0	2497	
NC_008769.1	NC_002944.2	86.705	2279	264	25	3043842	3046099	3220852	3223112	0.0	2494	
NC_008769.1	NC_002944.2	79.465	3623	660	61	13149	16732	14238	17815	0.0	2492	
NC_008769.1	NC_002944.2	79.891	3481	631	52	673678	677129	4508845	4512285	0.0	2486	
NC_008769.1	NC_002944.2	81.192	3121	545	29	73003	76108	52308	55401	0.0	2473	
NC_008769.1	NC_002944.2	84.622	2510	357	22	4219705	4222203	244065	241574	0.0	2470	
NC_008769.1	NC_002944.2	85.522	2383	314	16	1088706	1091070	919559	921928	0.0	2460	
NC_008769.1	NC_002944.2	82.736	2792	425	37	1684871	1687626	1256718	1259488	0.0	2433	
NC_008769.1	NC_002944.2	81.568	3049	467	63	87763	90750	74631	77645	0.0	2429	
NC_008769.1	NC_002944.2	83.885	2569	388	18	4216368	4218920	247316	244758	0.0	2427	
NC_008769.1	NC_002944.2	78.728	3789	692	79	2485155	2488891	2190569	2194295	0.0	2427	
NC_008769.1	NC_002944.2	83.627	2614	395	23	2659039	2661623	2457410	2460019	0.0	2425	
NC_008769.1	NC_002944.2	82.560	2781	453	22	1952950	1955724	1861850	1859096	0.0	2420	
NC_008769.1	NC_002944.2	80.985	3108	530	49	1530996	1534055	2722424	2719330	0.0	2409	
NC_008769.1	NC_002944.2	82.579	2784	429	41	1510784	1513546	2739074	2736326	0.0	2403	
NC_008769.1	NC_002944.2	79.481	3509	617	62	19907	23331	4819955	4823444	0.0	2396	
NC_008769.1	NC_002944.2	79.481	3509	617	62	4364762	4368186	4819955	4823444	0.0	2396	
NC_008769.1	NC_002944.2	85.176	2361	321	18	2067545	2069892	1684632	1686976	0.0	2394	
NC_008769.1	NC_002944.2	84.225	2504	349	32	3857617	3860089	4702858	4700370	0.0	2394	
NC_008769.1	NC_002944.2	84.464	2446	354	22	4095013	4097451	417778	415352	0.0	2388	
NC_008769.1	NC_002944.2	79.958	3338	593	54	1275152	1278440	3009523	3006213	0.0	2388	
NC_008769.1	NC_002944.2	81.948	2875	458	43	3477575	3480432	3563960	3566790	0.0	2377	
NC_008769.1	NC_002944.2	83.643	2586	360	42	2666363	2668911	2464700	2467259	0.0	2374	
NC_008769.1	NC_002944.2	83.077	2665	396	44	1384213	1386846	2885006	2882366	0.0	2372	
NC_008769.1	NC_002944.2	78.675	3653	710	55	2063849	2067455	1680965	1684594	0.0	2366	
NC_008769.1	NC_002944.2	82.313	2776	439	43	4061356	4064098	448442	445686	0.0	2359	
NC_008769.1	NC_002944.2	82.368	2779	427	47	1701223	1703958	1273233	1275991	0.0	2359	
NC_008769.1	NC_002944.2	80.459	3178	542	60	223550	226700	3994993	3998118	0.0	2355	
NC_008769.1	NC_002944.2	80.951	3050	511	46	180974	183975	3929813	3932840	0.0	2350	
NC_008769.1	NC_002944.2	78.862	3586	679	69	244875	248429	4020800	4024337	0.0	2350	
NC_008769.1	NC_002944.2	81.042	3012	506	45	2901350	2904345	3046826	3049788	0.0	2338	
NC_008769.1	NC_002944.2	83.961	2469	363	20	3717434	3719875	3838883	3841345	0.0	2335	
NC_008769.1	NC_002944.2	80.991	2988	527	32	2565965	2568923	2311169	2314144	0.0	2333	
NC_008769.1	NC_002944.2	81.704	2864	464	42	2418863	2421710	2117177	2119996	0.0	2331	
NC_008769.1	NC_002944.2	77.035	4276	847	99	2637754	2641970	2418341	2422540	0.0	2331	
NC_008769.1	NC_002944.2	88.726	1907	214	1	2663623	2665529	2462005	2463910	0.0	2329	
NC_008769.1	NC_002944.2	81.786	2844	451	47	1381006	1383807	2889982	2887164	0.0	2320	
NC_008769.1	NC_002944.2	77.050	4196	853	80	895064	899206	629089	633227	0.0	2313	
NC_008769.1	NC_002944.2	84.506	2330	355	6	837834	840160	4643512	4645838	0.0	2298	
NC_008769.1	NC_002944.2	83.622	2479	371	31	1290486	1292951	2998505	2996049	0.0	2296	
NC_008769.1	NC_002944.2	83.790	2443	351	27	3640103	3642536	3801334	3803740	0.0	2276	
NC_008769.1	NC_002944.2	84.543	2329	325	32	771107	773411	4588790	4591107	0.0	2274	
NC_008769.1	NC_002944.2	79.552	3301	581	75	1402885	1406154	2870822	2867585	0.0	2270	
NC_008769.1	NC_002944.2	83.867	2436	333	45	2975525	2977944	3152686	3155077	0.0	2266	
NC_008769.1	NC_002944.2	81.446	2808	479	35	3689671	3692451	3817892	3820684	0.0	2261	
NC_008769.1	NC_002944.2	84.642	2292	325	19	3303299	3305572	3369090	3371372	0.0	2257	
NC_008769.1	NC_002944.2	84.321	2328	313	35	2723382	2725677	2547375	2549682	0.0	2230	
NC_008769.1	NC_002944.2	81.735	2721	452	40	1460059	1462758	2795287	2792591	0.0	2230	
NC_008769.1	NC_002944.2	81.178	2784	499	21	2960893	2963666	3138207	3140975	0.0	2215	
NC_008769.1	NC_002944.2	78.710	3410	658	56	3273834	3277209	310834	314209	0.0	2213	
NC_008769.1	NC_002944.2	78.974	3334	633	52	2772552	2775857	2586879	2590172	0.0	2211	
NC_008769.1	NC_002944.2	82.187	2616	416	36	2649550	2652151	2454720	2457299	0.0	2204	
NC_008769.1	NC_002944.2	78.135	3604	692	77	3660112	3663653	3785300	3788869	0.0	2202	
NC_008769.1	NC_002944.2	84.832	2202	301	17	3603003	3605201	3757251	3759422	0.0	2185	
NC_008769.1	NC_002944.2	81.877	2643	432	27	1521058	1523666	2730600	2727971	0.0	2183	
NC_008769.1	NC_002944.2	81.042	2801	475	48	261507	264275	4031512	4034288	0.0	2180	
NC_008769.1	NC_002944.2	82.576	2508	391	37	3055827	3058317	3228365	3230843	0.0	2169	
NC_008769.1	NC_002944.2	86.059	2030	266	17	2354498	2356519	2018109	2020129	0.0	2165	
NC_008769.1	NC_002944.2	90.977	1607	145	0	559389	560995	4395888	4397494	0.0	2165	
NC_008769.1	NC_002944.2	77.059	3897	807	73	1452804	1456649	2802141	2798281	0.0	2163	
NC_008769.1	NC_002944.2	80.510	2863	518	34	1429671	1432509	2833994	2831148	0.0	2159	
NC_008769.1	NC_002944.2	81.303	2717	450	33	1484815	1487519	2765006	2762336	0.0	2150	
NC_008769.1	NC_002944.2	83.935	2272	336	26	101969	104225	3836153	3838410	0.0	2146	
NC_008769.1	NC_002944.2	79.489	3169	527	87	995643	998744	825247	828359	0.0	2137	
NC_008769.1	NC_002944.2	84.359	2193	326	16	4097543	4099728	415208	413026	0.0	2134	
NC_008769.1	NC_002944.2	81.194	2664	485	12	901789	904448	635803	638454	0.0	2130	
NC_008769.1	NC_002944.2	80.944	2776	454	43	2390682	2393415	2092398	2095140	0.0	2126	
NC_008769.1	NC_002944.2	86.050	2000	255	17	321831	323825	4109128	4111108	0.0	2126	
NC_008769.1	NC_002944.2	82.577	2445	395	27	804520	806950	4613371	4615798	0.0	2126	
NC_008769.1	NC_002944.2	84.394	2185	316	22	525869	528037	4356875	4359050	0.0	2122	
NC_008769.1	NC_002944.2	83.059	2367	369	23	2161437	2163795	1795732	1798074	0.0	2121	
NC_008769.1	NC_002944.2	83.892	2266	318	24	2896234	2898495	3044429	3046651	0.0	2119	
NC_008769.1	NC_002944.2	81.669	2553	451	14	226793	229335	3998259	4000804	0.0	2106	
NC_008769.1	NC_002944.2	77.734	3521	714	61	1540375	1543863	2712585	2709103	0.0	2095	
NC_008769.1	NC_002944.2	78.723	3243	604	62	4250803	4253991	212938	209728	0.0	2087	
NC_008769.1	NC_002944.2	79.727	2930	558	28	2277968	2280876	1959583	1962497	0.0	2087	
NC_008769.1	NC_002944.2	86.565	1898	248	4	3836588	3838482	4723066	4721173	0.0	2085	
NC_008769.1	NC_002944.2	79.485	3027	545	63	3682651	3685646	3808398	3811379	0.0	2080	
NC_008769.1	NC_002944.2	84.990	2052	291	15	1676611	1678654	1250600	1252642	0.0	2067	
NC_008769.1	NC_002944.2	79.732	2911	544	40	68689	71577	47951	50837	0.0	2065	
NC_008769.1	NC_002944.2	82.422	2395	393	22	1092132	1094517	923648	926023	0.0	2065	
NC_008769.1	NC_002944.2	77.849	3449	670	78	1425565	1428972	2847222	2843827	0.0	2050	
NC_008769.1	NC_002944.2	79.099	3086	560	62	1004268	1007296	832501	835558	0.0	2047	
NC_008769.1	NC_002944.2	78.847	3139	587	55	4356417	4359518	4811602	4814700	0.0	2047	
NC_008769.1	NC_002944.2	85.635	1970	249	15	3951460	3953400	560415	558451	0.0	2039	
NC_008769.1	NC_002944.2	85.577	1976	252	19	2443621	2445593	2142132	2144077	0.0	2039	
NC_008769.1	NC_002944.2	85.511	1967	264	11	1101798	1103746	935750	937713	0.0	2034	
NC_008769.1	NC_002944.2	87.120	1809	212	18	79675	81473	66391	68188	0.0	2030	
NC_008769.1	NC_002944.2	78.487	3226	598	64	1632855	1636046	1218598	1221761	0.0	2025	
NC_008769.1	NC_002944.2	80.440	2730	470	39	3657428	3660108	3711646	3714360	0.0	2025	
NC_008769.1	NC_002944.2	81.929	2468	377	43	3051178	3053600	3225822	3228265	0.0	2023	
NC_008769.1	NC_002944.2	78.986	3017	584	37	1065363	1068354	895224	898215	0.0	2013	
NC_008769.1	NC_002944.2	82.994	2258	346	30	3940692	3942924	566199	563955	0.0	2008	
NC_008769.1	NC_002944.2	86.612	1845	209	24	4126736	4128573	333714	335527	0.0	2004	
NC_008769.1	NC_002944.2	83.356	2217	314	40	2597346	2599543	2359002	2361182	0.0	1999	
NC_008769.1	NC_002944.2	86.270	1850	242	12	1472719	1474561	2776881	2775037	0.0	1999	
NC_008769.1	NC_002944.2	84.973	2003	262	27	937756	939756	666286	668251	0.0	1995	
NC_008769.1	NC_002944.2	79.886	2819	486	50	3823851	3826643	4732924	4730161	0.0	1989	
NC_008769.1	NC_002944.2	84.021	2084	312	14	1034976	1037047	850555	852629	0.0	1984	
NC_008769.1	NC_002944.2	83.613	2142	319	23	3821709	3823840	4735018	4732899	0.0	1982	
NC_008769.1	NC_002944.2	80.674	2582	466	28	2977971	2980532	3155136	3157704	0.0	1973	
NC_008769.1	NC_002944.2	79.934	2741	501	31	2432446	2435160	2130810	2133527	0.0	1969	
NC_008769.1	NC_002944.2	78.324	3174	599	63	4113852	4116999	320484	323594	0.0	1967	
NC_008769.1	NC_002944.2	78.375	3163	593	77	2310611	2313725	1992570	1995689	0.0	1967	
NC_008769.1	NC_002944.2	77.619	3369	667	70	2480983	2484319	2187149	2190462	0.0	1964	
NC_008769.1	NC_002944.2	82.803	2198	375	3	3104754	3106950	3242763	3244958	0.0	1962	
NC_008769.1	NC_002944.2	87.670	1687	198	9	989029	990709	819042	820724	0.0	1954	
NC_008769.1	NC_002944.2	84.417	2015	284	21	465645	467651	4332352	4330360	0.0	1954	
NC_008769.1	NC_002944.2	80.939	2534	428	42	2507898	2510409	2214393	2216893	0.0	1953	
NC_008769.1	NC_002944.2	85.925	1833	252	5	281666	283495	4048576	4050405	0.0	1951	
NC_008769.1	NC_002944.2	80.583	2606	438	55	4207771	4210338	258444	255869	0.0	1947	
NC_008769.1	NC_002944.2	88.550	1607	175	8	3614581	3616181	3775131	3776734	0.0	1940	
NC_008769.1	NC_002944.2	82.644	2224	352	27	609280	611492	4439736	4441936	0.0	1938	
NC_008769.1	NC_002944.2	82.202	2298	363	32	2453512	2455790	2150951	2153221	0.0	1936	
NC_008769.1	NC_002944.2	82.858	2211	326	44	2085760	2087936	1700604	1702795	0.0	1934	
NC_008769.1	NC_002944.2	86.238	1802	226	17	3324438	3326231	3387770	3389557	0.0	1934	
NC_008769.1	NC_002944.2	76.346	3788	782	94	887717	891439	621776	625514	0.0	1927	
NC_008769.1	NC_002944.2	81.024	2461	431	26	2681614	2684044	2505313	2507767	0.0	1925	
NC_008769.1	NC_002944.2	79.011	2911	537	57	2875451	2878326	1095236	1092365	0.0	1923	
NC_008769.1	NC_002944.2	84.226	2016	273	19	4130489	4132477	336813	338810	0.0	1919	
NC_008769.1	NC_002944.2	82.104	2291	367	23	354297	356561	4134577	4136850	0.0	1919	
NC_008769.1	NC_002944.2	80.685	2542	427	47	667218	669739	4501388	4503885	0.0	1916	
NC_008769.1	NC_002944.2	86.287	1772	226	8	2860491	2862257	1115204	1113445	0.0	1910	
NC_008769.1	NC_002944.2	82.140	2234	382	17	3041540	3043765	3218476	3220700	0.0	1899	
NC_008769.1	NC_002944.2	80.966	2443	420	32	1148921	1151332	972036	974464	0.0	1893	
NC_008769.1	NC_002944.2	79.143	2824	525	42	3110166	3112954	3249362	3252156	0.0	1893	
NC_008769.1	NC_002944.2	79.507	2757	488	55	4087589	4090284	425115	422375	0.0	1890	
NC_008769.1	NC_002944.2	81.743	2284	396	18	3337256	3339528	3400655	3402928	0.0	1888	
NC_008769.1	NC_002944.2	76.556	3583	752	61	3486382	3489920	3568360	3571898	0.0	1882	
NC_008769.1	NC_002944.2	80.956	2426	407	32	4007899	4010285	499096	496687	0.0	1869	
NC_008769.1	NC_002944.2	84.138	1967	275	17	2547153	2549105	2276781	2278724	0.0	1869	
NC_008769.1	NC_002944.2	89.036	1514	159	6	842792	844302	4651974	4653483	0.0	1869	
NC_008769.1	NC_002944.2	78.380	2914	593	29	1816359	1819258	1393595	1396485	0.0	1857	
NC_008769.1	NC_002944.2	81.263	2343	393	37	4194983	4197311	267797	265487	0.0	1853	
NC_008769.1	NC_002944.2	80.072	2514	484	17	723035	725540	4558588	4561092	0.0	1851	
NC_008769.1	NC_002944.2	87.648	1603	182	14	2466105	2467694	2165061	2166660	0.0	1849	
NC_008769.1	NC_002944.2	79.619	2674	467	60	1262733	1265374	3025289	3022662	0.0	1847	
NC_008769.1	NC_002944.2	84.512	1937	227	40	3152228	3154144	3288735	3290618	0.0	1847	
NC_008769.1	NC_002944.2	81.509	2266	398	12	1098019	1100268	931245	933505	0.0	1844	
NC_008769.1	NC_002944.2	82.576	2135	330	28	616235	618354	4444161	4446268	0.0	1844	
NC_008769.1	NC_002944.2	89.084	1484	158	4	3013320	3014801	3185373	3186854	0.0	1840	
NC_008769.1	NC_002944.2	80.393	2443	455	18	2037094	2039527	1661148	1663575	0.0	1836	
NC_008769.1	NC_002944.2	81.480	2284	379	27	4042284	4044558	461762	459514	0.0	1834	
NC_008769.1	NC_002944.2	80.039	2590	417	66	3538991	3541520	3681117	3683666	0.0	1827	
NC_008769.1	NC_002944.2	83.064	2043	307	35	1238916	1240943	3044123	3042105	0.0	1820	
NC_008769.1	NC_002944.2	80.750	2374	421	27	268875	271230	4035346	4037701	0.0	1820	
NC_008769.1	NC_002944.2	82.353	2125	339	27	4154276	4156395	365541	367634	0.0	1814	
NC_008769.1	NC_002944.2	83.019	2014	322	16	83306	85312	70197	72197	0.0	1807	
NC_008769.1	NC_002944.2	79.206	2669	495	36	170934	173589	3922451	3925072	0.0	1799	
NC_008769.1	NC_002944.2	92.516	1256	94	0	816165	817420	4620881	4622136	0.0	1799	
NC_008769.1	NC_002944.2	80.475	2402	421	38	3916942	3919323	579926	577553	0.0	1794	
NC_008769.1	NC_002944.2	80.893	2329	396	41	3593026	3595319	3747059	3749373	0.0	1790	
NC_008769.1	NC_002944.2	86.012	1680	223	12	802848	804521	4611647	4613320	0.0	1790	
NC_008769.1	NC_002944.2	83.665	1910	299	12	1325495	1327396	2951354	2949450	0.0	1786	
NC_008769.1	NC_002944.2	83.689	1919	285	23	2951773	2953671	3133217	3135127	0.0	1784	
NC_008769.1	NC_002944.2	84.049	1862	285	8	3129400	3131252	3269920	3271778	0.0	1783	
NC_008769.1	NC_002944.2	81.822	2162	357	23	3423784	3425913	3522065	3524222	0.0	1783	
NC_008769.1	NC_002944.2	73.679	4977	1142	145	233978	238872	4005491	4010381	0.0	1779	
NC_008769.1	NC_002944.2	79.894	2462	463	23	3173214	3175655	3312089	3314538	0.0	1775	
NC_008769.1	NC_002944.2	85.046	1752	246	14	249893	251636	4026805	4028548	0.0	1770	
NC_008769.1	NC_002944.2	88.556	1468	154	10	3860226	3861686	4700305	4698845	0.0	1768	
NC_008769.1	NC_002944.2	80.990	2283	385	31	203285	205561	3965717	3967956	0.0	1766	
NC_008769.1	NC_002944.2	78.432	2870	501	87	2938333	2941135	3119026	3121844	0.0	1762	
NC_008769.1	NC_002944.2	82.566	2042	317	31	3426367	3428387	3524797	3526820	0.0	1762	
NC_008769.1	NC_002944.2	83.308	1953	279	29	3995156	3997081	519305	517373	0.0	1757	
NC_008769.1	NC_002944.2	80.398	2362	413	35	2750745	2753093	2574615	2576939	0.0	1751	
NC_008769.1	NC_002944.2	80.397	2367	409	41	1606928	1609253	1187339	1189691	0.0	1749	
NC_008769.1	NC_002944.2	80.641	2278	426	15	1303813	1306083	2970302	2968033	0.0	1749	
NC_008769.1	NC_002944.2	82.736	1981	323	15	1979408	1981379	1593759	1595729	0.0	1746	
NC_008769.1	NC_002944.2	82.650	2023	299	27	762290	764275	4579947	4581954	0.0	1744	
NC_008769.1	NC_002944.2	84.208	1811	267	14	1805463	1807259	1382894	1384699	0.0	1742	
NC_008769.1	NC_002944.2	82.750	1971	318	16	4233511	4235464	228505	226540	0.0	1736	
NC_008769.1	NC_002944.2	80.647	2289	401	25	2801481	2803729	2612377	2614663	0.0	1735	
NC_008769.1	NC_002944.2	81.770	2090	362	16	3327045	3329125	3396748	3398827	0.0	1731	
NC_008769.1	NC_002944.2	77.604	2947	594	50	3015050	3017954	3187112	3190034	0.0	1725	
NC_008769.1	NC_002944.2	78.644	2655	519	38	4190649	4193271	271877	269239	0.0	1718	
NC_008769.1	NC_002944.2	85.636	1643	224	10	2613386	2615020	2391944	2393582	0.0	1716	
NC_008769.1	NC_002944.2	82.353	1989	337	11	4354097	4356078	4807228	4809209	0.0	1716	
NC_008769.1	NC_002944.2	81.327	2201	330	63	2966596	2968765	3143781	3145931	0.0	1712	
NC_008769.1	NC_002944.2	75.955	3431	761	58	1773985	1777383	3394306	3390908	0.0	1707	
NC_008769.1	NC_002944.2	81.341	2133	366	24	3521598	3523708	3663516	3665638	0.0	1705	
NC_008769.1	NC_002944.2	82.551	1960	316	20	1813133	1815089	1390513	1392449	0.0	1701	
NC_008769.1	NC_002944.2	82.428	1969	322	20	1140753	1142706	956211	958170	0.0	1698	
NC_008769.1	NC_002944.2	88.857	1382	152	2	2336773	2338153	2012204	2013584	0.0	1698	
NC_008769.1	NC_002944.2	76.667	3150	681	46	807047	810169	1902081	1898959	0.0	1696	
NC_008769.1	NC_002944.2	79.384	2532	420	72	3009485	3011981	3181467	3183931	0.0	1690	
NC_008769.1	NC_002944.2	80.264	2275	420	26	892682	894940	626793	629054	0.0	1687	
NC_008769.1	NC_002944.2	82.595	1942	308	20	2869290	2871226	1103875	1101959	0.0	1687	
NC_008769.1	NC_002944.2	79.551	2450	433	45	1327573	1330001	2949325	2946923	0.0	1687	
NC_008769.1	NC_002944.2	83.198	1845	303	7	4327970	4329810	172309	170468	0.0	1683	
NC_008769.1	NC_002944.2	76.669	3206	644	72	4282781	4285939	200701	197553	0.0	1681	
NC_008769.1	NC_002944.2	79.752	2415	412	47	3588849	3591207	3742753	3745146	0.0	1679	
NC_008769.1	NC_002944.2	81.552	2087	339	35	211057	213119	3968013	3970077	0.0	1679	
NC_008769.1	NC_002944.2	80.043	2305	426	30	1712011	1714298	1287810	1290097	0.0	1677	
NC_008769.1	NC_002944.2	78.977	2521	481	36	1179616	1182101	1035915	1038421	0.0	1674	
NC_008769.1	NC_002944.2	84.132	1752	249	20	2510682	2512424	2217000	2218731	0.0	1668	
NC_008769.1	NC_002944.2	84.789	1683	228	22	4244705	4246383	217246	215588	0.0	1664	
NC_008769.1	NC_002944.2	82.613	1898	314	16	3184670	3186559	3322543	3324432	0.0	1663	
NC_008769.1	NC_002944.2	82.390	1925	313	22	1678744	1680653	1254382	1256295	0.0	1653	
NC_008769.1	NC_002944.2	79.353	2441	436	53	2114015	2116424	1731222	1733625	0.0	1653	
NC_008769.1	NC_002944.2	84.362	1701	242	21	3609391	3611082	3768368	3770053	0.0	1646	
NC_008769.1	NC_002944.2	85.890	1545	214	2	3798761	3800303	3878534	3880076	0.0	1642	
NC_008769.1	NC_002944.2	88.470	1353	152	4	1480283	1481634	2769366	2768017	0.0	1631	
NC_008769.1	NC_002944.2	80.358	2179	402	25	3377748	3379913	3462385	3464550	0.0	1629	
NC_008769.1	NC_002944.2	79.109	2446	445	46	3118088	3120510	3255449	3257851	0.0	1626	
NC_008769.1	NC_002944.2	79.509	2362	422	45	2410746	2413077	2108682	2111011	0.0	1624	
NC_008769.1	NC_002944.2	83.203	1792	265	31	1777429	1779209	1345591	1347357	0.0	1609	
NC_008769.1	NC_002944.2	80.348	2183	379	38	2016335	2018501	1641254	1643402	0.0	1609	
NC_008769.1	NC_002944.2	80.833	2113	350	39	487103	489196	4321913	4319837	0.0	1607	
NC_008769.1	NC_002944.2	81.828	1948	318	30	4080933	4082864	431576	429649	0.0	1604	
NC_008769.1	NC_002944.2	79.486	2296	441	24	990792	993078	820729	823003	0.0	1604	
NC_008769.1	NC_002944.2	87.181	1412	166	10	1100340	1101739	934334	935742	0.0	1591	
NC_008769.1	NC_002944.2	83.778	1726	227	37	845415	847094	4654481	4656199	0.0	1587	
NC_008769.1	NC_002944.2	80.684	2076	372	25	2699961	2702020	2521877	2523939	0.0	1585	
NC_008769.1	NC_002944.2	81.437	1977	329	26	1523732	1525682	2727951	2725987	0.0	1583	
NC_008769.1	NC_002944.2	80.120	2163	395	27	3992971	3995121	521552	519413	0.0	1580	
NC_008769.1	NC_002944.2	85.108	1578	200	23	432815	434375	4281010	4282569	0.0	1580	
NC_008769.1	NC_002944.2	81.065	2028	340	32	1602359	1604364	1183755	1185760	0.0	1578	
NC_008769.1	NC_002944.2	82.628	1796	298	11	2404938	2406726	2102680	2104468	0.0	1576	
NC_008769.1	NC_002944.2	79.945	2184	405	27	3391248	3393409	3504245	3506417	0.0	1576	
NC_008769.1	NC_002944.2	78.472	2527	456	63	77095	79585	59408	61882	0.0	1572	
NC_008769.1	NC_002944.2	82.540	1827	281	29	1130188	1131984	951457	953275	0.0	1572	
NC_008769.1	NC_002944.2	84.924	1572	218	10	3792155	3793712	3869939	3871505	0.0	1572	
NC_008769.1	NC_002944.2	84.630	1594	230	9	453350	454940	4298127	4299708	0.0	1572	
NC_008769.1	NC_002944.2	89.323	1255	125	6	1591945	1593194	1179022	1180272	0.0	1567	
NC_008769.1	NC_002944.2	80.129	2174	372	45	275771	277910	4042569	4044716	0.0	1567	
NC_008769.1	NC_002944.2	84.295	1611	241	10	3863383	3864987	4696336	4694732	0.0	1563	
NC_008769.1	NC_002944.2	81.742	1917	305	35	2073553	2075448	1690498	1692390	0.0	1559	
NC_008769.1	NC_002944.2	82.577	1785	295	13	1379036	1380816	2891847	2890075	0.0	1559	
NC_008769.1	NC_002944.2	85.820	1488	186	15	1322405	1323889	2954531	2953066	0.0	1555	
NC_008769.1	NC_002944.2	79.889	2163	399	22	556997	559147	4392358	4394496	0.0	1552	
NC_008769.1	NC_002944.2	84.056	1637	230	23	1590222	1591839	1177324	1178948	0.0	1548	
NC_008769.1	NC_002944.2	80.653	2052	352	33	3143454	3145476	3278228	3280263	0.0	1548	
NC_008769.1	NC_002944.2	82.028	1864	292	29	1225573	1227405	1062790	1064641	0.0	1546	
NC_008769.1	NC_002944.2	84.217	1622	222	22	3178640	3180257	3315692	3317283	0.0	1546	
NC_008769.1	NC_002944.2	79.644	2191	414	25	3305786	3307960	3371534	3373708	0.0	1546	
NC_008769.1	NC_002944.2	83.196	1702	268	14	1667549	1669245	1242904	1244592	0.0	1543	
NC_008769.1	NC_002944.2	78.548	2410	467	44	2645777	2648159	2452118	2454504	0.0	1541	
NC_008769.1	NC_002944.2	82.582	1774	279	21	550501	552265	4381748	4383500	0.0	1537	
NC_008769.1	NC_002944.2	80.440	2091	339	45	3169612	3171653	3308503	3310572	0.0	1531	
NC_008769.1	NC_002944.2	85.823	1439	204	0	1821418	1822856	1397438	1398876	0.0	1528	
NC_008769.1	NC_002944.2	77.554	2633	522	51	1536372	1538967	1708569	1705969	0.0	1524	
NC_008769.1	NC_002944.2	79.079	2280	427	43	943991	946242	676319	678576	0.0	1522	
NC_008769.1	NC_002944.2	81.389	1886	331	9	4254839	4256720	209526	207657	0.0	1520	
NC_008769.1	NC_002944.2	82.168	1817	281	26	594462	596247	4426499	4428303	0.0	1520	
NC_008769.1	NC_002944.2	84.387	1582	210	20	3795702	3797267	3875856	3877416	0.0	1519	
NC_008769.1	NC_002944.2	90.259	1160	113	0	3974697	3975856	538827	537668	0.0	1517	
NC_008769.1	NC_002944.2	79.667	2159	398	31	163588	165733	3913590	3915720	0.0	1517	
NC_008769.1	NC_002944.2	79.982	2163	337	58	3166233	3168346	3305204	3307319	0.0	1507	
NC_008769.1	NC_002944.2	79.024	2255	432	37	1186937	1189176	1043565	1045793	0.0	1506	
NC_008769.1	NC_002944.2	78.788	2310	440	43	3493669	3495952	3581331	3583616	0.0	1506	
NC_008769.1	NC_002944.2	76.604	2821	603	46	2574159	2576952	2318393	2321183	0.0	1500	
NC_008769.1	NC_002944.2	80.019	2097	362	37	2357184	2359240	2020879	2022958	0.0	1498	
NC_008769.1	NC_002944.2	79.896	2109	372	29	2447090	2449162	2145453	2147545	0.0	1498	
NC_008769.1	NC_002944.2	81.121	1891	336	17	2379814	2381699	2082449	2084323	0.0	1495	
NC_008769.1	NC_002944.2	82.963	1667	272	12	3386465	3388125	3500685	3502345	0.0	1495	
NC_008769.1	NC_002944.2	82.892	1701	247	33	2290952	2292638	1972736	1974406	0.0	1489	
NC_008769.1	NC_002944.2	82.637	1699	277	14	352581	354271	4131512	4133200	0.0	1487	
NC_008769.1	NC_002944.2	84.808	1481	221	4	3321751	3323229	3383906	3385384	0.0	1485	
NC_008769.1	NC_002944.2	81.967	1769	301	14	304027	305785	4076309	4078069	0.0	1483	
NC_008769.1	NC_002944.2	80.020	2037	376	24	3158328	3160349	3293416	3295436	0.0	1478	
NC_008769.1	NC_002944.2	87.013	1309	169	1	1615155	1616462	1194602	1195910	0.0	1474	
NC_008769.1	NC_002944.2	78.358	2375	445	52	1752167	1754517	1328579	1330908	0.0	1474	
NC_008769.1	NC_002944.2	86.004	1379	189	3	2991120	2992497	3167953	3169328	0.0	1474	
NC_008769.1	NC_002944.2	82.271	1726	287	12	3160382	3162102	3295894	3297605	0.0	1474	
NC_008769.1	NC_002944.2	80.474	1941	363	16	1000955	1002887	828460	830392	0.0	1471	
NC_008769.1	NC_002944.2	81.114	1885	315	33	2377911	2379779	2079023	2080882	0.0	1471	
NC_008769.1	NC_002944.2	76.151	2931	621	58	1737806	1740705	2052068	2054951	0.0	1469	
NC_008769.1	NC_002944.2	78.803	2255	427	35	1481689	1483916	2768009	2765779	0.0	1469	
NC_008769.1	NC_002944.2	77.902	2421	487	41	2090651	2093050	1703087	1705480	0.0	1463	
NC_008769.1	NC_002944.2	78.325	2376	433	61	935388	937714	663676	666018	0.0	1459	
NC_008769.1	NC_002944.2	77.495	2595	479	75	3277239	3279790	3341128	3343660	0.0	1459	
NC_008769.1	NC_002944.2	81.351	1850	296	28	657349	659185	4491216	4493029	0.0	1459	
NC_008769.1	NC_002944.2	82.787	1679	244	31	2031326	2032975	1655291	1656953	0.0	1458	
NC_008769.1	NC_002944.2	82.750	1658	262	13	3887554	3889209	599284	597649	0.0	1456	
NC_008769.1	NC_002944.2	86.125	1355	183	5	1029890	1031241	845752	847104	0.0	1456	
NC_008769.1	NC_002944.2	83.966	1528	228	11	2604690	2606214	2367615	2369128	0.0	1448	
NC_008769.1	NC_002944.2	86.192	1347	177	4	188216	189562	3941631	3942968	0.0	1448	
NC_008769.1	NC_002944.2	78.199	2376	443	57	3840636	3842968	4717751	4715408	0.0	1448	
NC_008769.1	NC_002944.2	81.160	1879	285	49	3519501	3521359	3661451	3663280	0.0	1445	
NC_008769.1	NC_002944.2	77.312	2530	517	45	1278587	1281091	3005521	3003024	0.0	1439	
NC_008769.1	NC_002944.2	79.305	2102	400	31	3381900	3383977	3467230	3469320	0.0	1439	
NC_008769.1	NC_002944.2	79.599	2093	361	45	3612445	3614495	3771427	3773495	0.0	1439	
NC_008769.1	NC_002944.2	76.511	2763	575	56	410134	412864	4244077	4246797	0.0	1439	
NC_008769.1	NC_002944.2	81.436	1783	304	18	2110482	2112253	1724795	1726561	0.0	1434	
NC_008769.1	NC_002944.2	83.647	1541	232	17	4111322	4112854	378944	377416	0.0	1432	
NC_008769.1	NC_002944.2	76.985	2607	537	46	226823	229395	4551733	4554310	0.0	1432	
NC_008769.1	NC_002944.2	78.105	2311	459	41	2284563	2286845	1960088	1962379	0.0	1421	
NC_008769.1	NC_002944.2	78.043	2391	432	66	3061174	3063509	3230920	3233272	0.0	1421	
NC_008769.1	NC_002944.2	77.170	2523	522	42	2128966	2131465	1755336	1757827	0.0	1419	
NC_008769.1	NC_002944.2	78.686	2252	392	66	780702	782904	4599374	4601586	0.0	1419	
NC_008769.1	NC_002944.2	82.891	1584	258	12	1458282	1459858	2796983	2795406	0.0	1411	
NC_008769.1	NC_002944.2	81.418	1749	306	13	356610	358352	4136866	4138601	0.0	1411	
NC_008769.1	NC_002944.2	80.650	1845	328	19	1757403	1759231	1333852	1335683	0.0	1402	
NC_008769.1	NC_002944.2	81.133	1765	318	13	4223493	4225251	238901	237146	0.0	1400	
NC_008769.1	NC_002944.2	83.908	1479	216	12	3363986	3365459	3445200	3446661	0.0	1393	
NC_008769.1	NC_002944.2	81.193	1760	303	22	305869	307623	4079437	4081173	0.0	1391	
NC_008769.1	NC_002944.2	84.273	1437	215	10	646207	647635	4481862	4483295	0.0	1391	
NC_008769.1	NC_002944.2	77.574	2350	496	25	710191	712523	4542311	4544646	0.0	1391	
NC_008769.1	NC_002944.2	85.366	1353	184	10	2843035	2844386	1127460	1126121	0.0	1389	
NC_008769.1	NC_002944.2	76.683	2659	522	70	2571289	2573875	2315682	2318314	0.0	1386	
NC_008769.1	NC_002944.2	77.625	2333	482	27	4070101	4072407	442168	439850	0.0	1380	
NC_008769.1	NC_002944.2	82.207	1613	277	10	1211171	1212778	1054234	1055841	0.0	1380	
NC_008769.1	NC_002944.2	79.926	1903	360	19	4179398	4181289	283265	281374	0.0	1378	
NC_008769.1	NC_002944.2	80.380	1840	324	28	1436680	1438490	2819114	2817283	0.0	1363	
NC_008769.1	NC_002944.2	80.390	1846	317	35	2414572	2416408	2112450	2114259	0.0	1362	
NC_008769.1	NC_002944.2	84.129	1424	207	8	1754664	1756087	1331001	1332405	0.0	1360	
NC_008769.1	NC_002944.2	78.200	2211	425	44	2275678	2277871	1957233	1959403	0.0	1360	
NC_008769.1	NC_002944.2	83.668	1445	232	2	3113078	3114521	3252232	3253673	0.0	1358	
NC_008769.1	NC_002944.2	80.660	1789	313	30	921904	923671	653480	655256	0.0	1356	
NC_008769.1	NC_002944.2	86.743	1222	157	5	1229454	1230673	1065878	1067096	0.0	1354	
NC_008769.1	NC_002944.2	83.562	1460	226	7	3127099	3128554	3268390	3269839	0.0	1354	
NC_008769.1	NC_002944.2	80.692	1792	305	32	635415	637179	4466075	4467852	0.0	1354	
NC_008769.1	NC_002944.2	80.931	1762	292	36	1288723	1290465	3000325	2998589	0.0	1352	
NC_008769.1	NC_002944.2	85.253	1302	191	1	349418	350719	4128861	4130161	0.0	1339	
NC_008769.1	NC_002944.2	80.301	1797	332	18	2458569	2460354	2157335	2159120	0.0	1338	
NC_008769.1	NC_002944.2	80.476	1808	304	33	3843509	3845305	4714785	4713016	0.0	1338	
NC_008769.1	NC_002944.2	82.218	1569	262	13	2738819	2740378	2561340	2562900	0.0	1336	
NC_008769.1	NC_002944.2	83.954	1396	223	1	420111	421506	4276088	4277482	0.0	1336	
NC_008769.1	NC_002944.2	79.562	1918	350	34	242938	244830	4018771	4020671	0.0	1332	
NC_008769.1	NC_002944.2	81.473	1657	275	27	983794	985436	807107	808745	0.0	1330	
NC_008769.1	NC_002944.2	74.260	3310	781	66	2694430	2697704	2511724	2514997	0.0	1327	
NC_008769.1	NC_002944.2	83.380	1444	226	12	307640	309075	4081226	4082663	0.0	1325	
NC_008769.1	NC_002944.2	82.127	1589	240	28	1671257	1672819	1246338	1247908	0.0	1321	
NC_008769.1	NC_002944.2	75.500	2898	602	83	1284559	1287405	319237	316397	0.0	1319	
NC_008769.1	NC_002944.2	83.521	1420	225	9	2102649	2104063	1714941	1716356	0.0	1317	
NC_008769.1	NC_002944.2	80.192	1772	339	10	1395718	1397484	2874235	2872471	0.0	1317	
NC_008769.1	NC_002944.2	84.389	1358	189	17	2821737	2823087	1151118	1149777	0.0	1312	
NC_008769.1	NC_002944.2	87.186	1155	146	2	434559	435712	4282957	4284110	0.0	1312	
NC_008769.1	NC_002944.2	78.811	2001	386	35	655363	657346	4489199	4491178	0.0	1312	
NC_008769.1	NC_002944.2	82.315	1538	246	19	1	1522	1	1528	0.0	1310	
NC_008769.1	NC_002944.2	82.315	1538	246	19	29668	31189	1	1528	0.0	1310	
NC_008769.1	NC_002944.2	82.017	1557	264	13	671986	673534	4507215	4508763	0.0	1310	
NC_008769.1	NC_002944.2	83.719	1382	221	4	1128021	1129400	949140	950519	0.0	1303	
NC_008769.1	NC_002944.2	82.932	1453	239	9	2621261	2622710	2400377	2401823	0.0	1301	
NC_008769.1	NC_002944.2	75.585	2777	598	65	1734552	1737276	2048805	2051553	0.0	1299	
NC_008769.1	NC_002944.2	82.556	1479	246	8	2457060	2458532	2154639	2156111	0.0	1291	
NC_008769.1	NC_002944.2	82.299	1531	232	30	2730490	2731994	2552693	2554210	0.0	1290	
NC_008769.1	NC_002944.2	83.548	1398	210	13	1267268	1268656	3020767	3019381	0.0	1290	
NC_008769.1	NC_002944.2	82.471	1489	240	21	1593264	1594741	1180418	1181896	0.0	1284	
NC_008769.1	NC_002944.2	84.429	1323	186	17	3705670	3706978	3825956	3827272	0.0	1284	
NC_008769.1	NC_002944.2	86.060	1198	163	4	3715920	3717115	3834935	3836130	0.0	1284	
NC_008769.1	NC_002944.2	78.326	2067	391	48	2033221	2035260	1657189	1659225	0.0	1282	
NC_008769.1	NC_002944.2	75.362	2833	609	72	985673	988467	1872350	1875131	0.0	1282	
NC_008769.1	NC_002944.2	88.100	1084	124	4	3362836	3363916	3443083	3444164	0.0	1282	
NC_008769.1	NC_002944.2	79.602	1809	351	12	4109235	4111041	382232	380440	0.0	1280	
NC_008769.1	NC_002944.2	87.333	1121	137	5	765211	766331	4582811	4583926	0.0	1279	
NC_008769.1	NC_002944.2	82.823	1438	235	12	85347	86778	72301	73732	0.0	1277	
NC_008769.1	NC_002944.2	80.944	1653	282	29	3005721	3007361	3179805	3181436	0.0	1277	
NC_008769.1	NC_002944.2	81.458	1564	281	9	286050	287609	4051660	4053218	0.0	1273	
NC_008769.1	NC_002944.2	80.496	1692	298	25	3286231	3287911	3355645	3357315	0.0	1267	
NC_008769.1	NC_002944.2	82.167	1486	247	16	3904404	3905880	582523	581047	0.0	1260	
NC_008769.1	NC_002944.2	80.431	1671	310	17	2122887	2124551	1743432	1745091	0.0	1258	
NC_008769.1	NC_002944.2	81.770	1525	257	14	4020353	4021874	487466	485960	0.0	1256	
NC_008769.1	NC_002944.2	86.019	1173	162	2	1019193	1020364	843814	844985	0.0	1256	
NC_008769.1	NC_002944.2	82.507	1452	234	10	686906	688343	4523664	4525109	0.0	1256	
NC_008769.1	NC_002944.2	85.583	1200	167	4	1834111	1835307	1410924	1412120	0.0	1253	
NC_008769.1	NC_002944.2	79.897	1741	323	24	4046708	4048430	458493	456762	0.0	1251	
NC_008769.1	NC_002944.2	82.582	1441	225	14	576190	577608	4409493	4410929	0.0	1247	
NC_008769.1	NC_002944.2	78.797	1929	353	45	2892508	2894403	1077932	1076027	0.0	1245	
NC_008769.1	NC_002944.2	82.165	1469	245	11	1340276	1341731	2939947	2938483	0.0	1245	
NC_008769.1	NC_002944.2	85.702	1182	165	4	4139136	4140314	344597	345777	0.0	1243	
NC_008769.1	NC_002944.2	76.691	2321	488	43	1374978	1377274	2895783	2893492	0.0	1240	
NC_008769.1	NC_002944.2	75.381	2754	577	70	1652	4368	1699	4388	0.0	1236	
NC_008769.1	NC_002944.2	75.381	2754	577	70	31319	34035	1699	4388	0.0	1236	
NC_008769.1	NC_002944.2	79.542	1789	322	35	1234765	1236516	1071122	1072903	0.0	1236	
NC_008769.1	NC_002944.2	82.698	1416	221	16	2141457	2142866	1771268	1772665	0.0	1236	
NC_008769.1	NC_002944.2	75.877	2537	530	71	1886898	1889387	1479597	1482098	0.0	1219	
NC_008769.1	NC_002944.2	80.286	1679	280	30	1265424	1267081	3022560	3020912	0.0	1219	
NC_008769.1	NC_002944.2	80.048	1684	299	28	4012931	4014591	495894	494225	0.0	1214	
NC_008769.1	NC_002944.2	87.079	1068	131	7	782926	783990	4601698	4602761	0.0	1201	
NC_008769.1	NC_002944.2	88.323	1002	110	4	2887697	2888694	1083502	1082504	0.0	1195	
NC_008769.1	NC_002944.2	84.992	1186	167	9	509385	510566	4340140	4341318	0.0	1194	
NC_008769.1	NC_002944.2	83.715	1265	198	7	2498104	2499361	3873375	3874638	0.0	1188	
NC_008769.1	NC_002944.2	84.288	1222	185	7	2989832	2991049	3166727	3167945	0.0	1186	
NC_008769.1	NC_002944.2	85.059	1178	158	14	1401501	1402663	2872368	2871194	0.0	1184	
NC_008769.1	NC_002944.2	87.822	1010	121	2	303000	304008	4075250	4076258	0.0	1182	
NC_008769.1	NC_002944.2	86.969	1059	124	10	3970493	3971544	541476	540425	0.0	1179	
NC_008769.1	NC_002944.2	81.876	1407	248	7	2441853	2443256	2140492	2141894	0.0	1179	
NC_008769.1	NC_002944.2	83.269	1297	198	18	2493900	2495185	2201133	2202421	0.0	1175	
NC_008769.1	NC_002944.2	85.450	1134	157	7	886479	887608	620369	621498	0.0	1173	
NC_008769.1	NC_002944.2	83.816	1242	193	8	2612116	2613353	2376406	2377643	0.0	1173	
NC_008769.1	NC_002944.2	85.524	1126	159	4	2797912	2799035	2603460	2604583	0.0	1173	
NC_008769.1	NC_002944.2	84.198	1215	181	8	4140444	4141654	346001	347208	0.0	1170	
NC_008769.1	NC_002944.2	81.171	1503	238	31	3704119	3705594	3824484	3825968	0.0	1166	
NC_008769.1	NC_002944.2	78.035	1944	361	48	1215368	1217258	1057291	1059221	0.0	1164	
NC_008769.1	NC_002944.2	76.967	2123	432	43	1786136	1788240	1356913	1358996	0.0	1158	
NC_008769.1	NC_002944.2	84.596	1175	169	9	2359841	2361009	2025071	2026239	0.0	1157	
NC_008769.1	NC_002944.2	83.738	1236	188	12	606233	607463	4437955	4439182	0.0	1157	
NC_008769.1	NC_002944.2	85.349	1133	145	13	1795445	1796576	1372184	1373296	0.0	1153	
NC_008769.1	NC_002944.2	76.529	2224	453	57	2574215	2576412	3486847	3484667	0.0	1151	
NC_008769.1	NC_002944.2	84.602	1169	167	9	3319158	3320315	3382647	3383813	0.0	1149	
NC_008769.1	NC_002944.2	80.799	1526	244	34	3591472	3592970	3745429	3746932	0.0	1149	
NC_008769.1	NC_002944.2	80.988	1457	266	10	96569	98021	90328	91777	0.0	1146	
NC_008769.1	NC_002944.2	85.636	1093	151	5	948153	949239	680470	681562	0.0	1144	
NC_008769.1	NC_002944.2	80.339	1536	279	18	2273343	2274861	1941838	1943367	0.0	1142	
NC_008769.1	NC_002944.2	80.587	1499	276	12	342935	344424	4125217	4126709	0.0	1142	
NC_008769.1	NC_002944.2	83.160	1253	205	6	2518577	2519826	2223685	2224934	0.0	1140	
NC_008769.1	NC_002944.2	85.794	1077	150	3	4006777	4007851	500268	499193	0.0	1138	
NC_008769.1	NC_002944.2	84.756	1148	162	9	2777523	2778668	2591695	2592831	0.0	1138	
NC_008769.1	NC_002944.2	83.777	1202	187	7	946835	948034	679273	680468	0.0	1133	
NC_008769.1	NC_002944.2	78.098	1840	368	25	3763151	3764965	3856465	3858294	0.0	1133	
NC_008769.1	NC_002944.2	82.710	1284	208	12	2599590	2600869	2361981	2363254	0.0	1129	
NC_008769.1	NC_002944.2	79.390	1640	297	30	2288919	2290541	1964501	1966116	0.0	1118	
NC_008769.1	NC_002944.2	87.182	983	126	0	3102432	3103414	3240428	3241410	0.0	1118	
NC_008769.1	NC_002944.2	80.387	1499	269	17	115381	116862	4760042	4758552	0.0	1116	
NC_008769.1	NC_002944.2	86.847	996	129	2	1412931	1413925	2859231	2858237	0.0	1112	
NC_008769.1	NC_002944.2	89.087	898	94	4	3004357	3005252	3177645	3178540	0.0	1112	
NC_008769.1	NC_002944.2	79.726	1603	271	30	1139094	1140687	954537	956094	0.0	1110	
NC_008769.1	NC_002944.2	80.476	1470	268	15	4182004	4183468	280748	279293	0.0	1107	
NC_008769.1	NC_002944.2	82.955	1232	200	10	3555892	3557118	3703315	3704541	0.0	1103	
NC_008769.1	NC_002944.2	82.955	1232	200	10	3655044	3656270	3703315	3704541	0.0	1103	
NC_008769.1	NC_002944.2	76.735	2089	419	49	192540	194588	3953298	3955359	0.0	1103	
NC_008769.1	NC_002944.2	87.372	974	108	8	844439	845411	4653479	4654438	0.0	1103	
NC_008769.1	NC_002944.2	78.797	1712	310	37	4247113	4248811	214730	213059	0.0	1101	
NC_008769.1	NC_002944.2	80.027	1502	289	10	2823168	2824660	1149634	1148135	0.0	1101	
NC_008769.1	NC_002944.2	79.152	1650	301	33	2282841	2284474	1970594	1972216	0.0	1101	
NC_008769.1	NC_002944.2	84.170	1156	162	19	3707151	3708295	3827844	3828989	0.0	1101	
NC_008769.1	NC_002944.2	78.951	1658	315	19	993114	994740	823100	824754	0.0	1098	
NC_008769.1	NC_002944.2	86.176	1020	135	6	2438832	2439848	2137186	2138202	0.0	1098	
NC_008769.1	NC_002944.2	83.816	1174	171	11	3758923	3760079	3845629	3846800	0.0	1098	
NC_008769.1	NC_002944.2	79.033	1655	304	33	315399	317038	4102127	4103753	0.0	1094	
NC_008769.1	NC_002944.2	81.044	1398	238	14	1624428	1625810	1211678	1213063	0.0	1088	
NC_008769.1	NC_002944.2	73.004	3482	794	117	3233203	3236625	2051496	2054890	0.0	1088	
NC_008769.1	NC_002944.2	84.743	1088	162	4	1269658	1270743	3018086	3017001	0.0	1086	
NC_008769.1	NC_002944.2	83.969	1154	164	14	3757071	3758220	3844469	3845605	0.0	1086	
NC_008769.1	NC_002944.2	80.150	1471	276	15	1983211	1984673	4762489	4761027	0.0	1085	
NC_008769.1	NC_002944.2	78.797	1646	323	24	2278439	2280074	1966177	1967806	0.0	1083	
NC_008769.1	NC_002944.2	82.672	1235	199	14	1147651	1148878	970720	971946	0.0	1081	
NC_008769.1	NC_002944.2	86.070	1005	140	0	1622669	1623673	1204204	1205208	0.0	1081	
NC_008769.1	NC_002944.2	84.469	1101	165	6	3291308	3292405	3357980	3359077	0.0	1081	
NC_008769.1	NC_002944.2	79.718	1563	258	36	2857793	2859337	1121394	1119873	0.0	1075	
NC_008769.1	NC_002944.2	81.776	1306	219	9	2732036	2733325	2554680	2555982	0.0	1075	
NC_008769.1	NC_002944.2	80.246	1463	261	18	624668	626120	4452640	4454084	0.0	1075	
NC_008769.1	NC_002944.2	79.030	1588	315	15	2294567	2296145	1976271	1977849	0.0	1072	
NC_008769.1	NC_002944.2	82.031	1280	211	11	3422453	3423717	3519851	3521126	0.0	1072	
NC_008769.1	NC_002944.2	74.373	2712	598	77	718681	721339	4000970	4003637	0.0	1068	
NC_008769.1	NC_002944.2	76.812	2014	393	58	27281	29265	4827401	4829369	0.0	1064	
NC_008769.1	NC_002944.2	76.812	2014	393	58	4372136	4374120	4827401	4829369	0.0	1064	
NC_008769.1	NC_002944.2	85.972	998	134	6	4300817	4301811	185193	184199	0.0	1062	
NC_008769.1	NC_002944.2	83.791	1129	170	11	186521	187642	3935139	3936261	0.0	1059	
NC_008769.1	NC_002944.2	87.733	913	105	7	669896	670805	4504105	4505013	0.0	1059	
NC_008769.1	NC_002944.2	80.224	1426	263	14	309227	310638	4095588	4097008	0.0	1053	
NC_008769.1	NC_002944.2	80.711	1379	240	19	220483	221853	3976532	3977892	0.0	1050	
NC_008769.1	NC_002944.2	82.826	1182	192	8	299713	300884	4072704	4073884	0.0	1048	
NC_008769.1	NC_002944.2	87.350	917	112	4	767176	768090	4586864	4587778	0.0	1048	
NC_008769.1	NC_002944.2	83.617	1117	178	5	3472327	3473440	3558828	3559942	0.0	1044	
NC_008769.1	NC_002944.2	79.167	1560	286	30	221896	223426	3993363	3994912	0.0	1044	
NC_008769.1	NC_002944.2	81.259	1318	222	20	51537	52843	22910	24213	0.0	1042	
NC_008769.1	NC_002944.2	81.464	1284	227	10	3882690	3883966	605097	603818	0.0	1042	
NC_008769.1	NC_002944.2	79.664	1490	270	25	1081074	1082538	910333	911814	0.0	1042	
NC_008769.1	NC_002944.2	77.248	1868	367	48	2407285	2409133	2105105	2106933	0.0	1042	
NC_008769.1	NC_002944.2	76.610	1988	406	45	2070074	2072030	1687016	1688975	0.0	1040	
NC_008769.1	NC_002944.2	74.183	2692	606	75	229547	232195	4554318	4556963	0.0	1038	
NC_008769.1	NC_002944.2	78.343	1690	301	45	2133361	2135039	1762016	1763651	0.0	1033	
NC_008769.1	NC_002944.2	82.753	1177	184	11	1847648	1848808	1436162	1437335	0.0	1031	
NC_008769.1	NC_002944.2	85.189	1006	143	5	272024	273026	4038777	4039779	0.0	1027	
NC_008769.1	NC_002944.2	84.123	1077	153	12	3991327	3992391	524735	523665	0.0	1026	
NC_008769.1	NC_002944.2	79.749	1437	265	17	1478551	1479967	2771163	2769733	0.0	1018	
NC_008769.1	NC_002944.2	83.486	1090	178	2	1011882	1012970	839110	840198	0.0	1014	
NC_008769.1	NC_002944.2	81.530	1294	183	37	2384377	2385633	2085931	2087205	0.0	1014	
NC_008769.1	NC_002944.2	80.411	1363	242	24	390699	392050	4238493	4239841	0.0	1014	
NC_008769.1	NC_002944.2	78.456	1606	305	31	251781	253371	4028668	4030247	0.0	1011	
NC_008769.1	NC_002944.2	81.115	1292	213	25	4189261	4190531	273789	272508	0.0	1005	
NC_008769.1	NC_002944.2	80.029	1392	248	23	914293	915673	650572	651944	0.0	1003	
NC_008769.1	NC_002944.2	85.550	955	138	0	1250666	1251620	3037815	3036861	0.0	1000	
NC_008769.1	NC_002944.2	83.364	1088	165	14	1301438	1302517	2972795	2971716	0.0	992	
NC_008769.1	NC_002944.2	76.050	2096	397	81	3818950	3820986	4743710	4741661	0.0	992	
NC_008769.1	NC_002944.2	81.795	1192	207	7	3620568	3621752	3781594	3782782	0.0	990	
NC_008769.1	NC_002944.2	78.261	1587	311	31	1505792	1507361	2740648	2739079	0.0	989	
NC_008769.1	NC_002944.2	85.623	939	133	2	4106764	4107701	384505	383568	0.0	985	
NC_008769.1	NC_002944.2	80.166	1326	253	10	4107840	4109160	383566	382246	0.0	983	
NC_008769.1	NC_002944.2	78.808	1510	285	26	195220	196715	3956016	3957504	0.0	983	
NC_008769.1	NC_002944.2	78.100	1621	303	40	1316003	1317590	2962104	2960503	0.0	979	
NC_008769.1	NC_002944.2	81.959	1164	203	6	3826695	3827855	4729049	4727890	0.0	979	
NC_008769.1	NC_002944.2	76.421	1900	394	42	4157596	4159475	370831	372696	0.0	977	
NC_008769.1	NC_002944.2	81.393	1220	207	20	1566030	1567239	1165279	1166488	0.0	977	
NC_008769.1	NC_002944.2	76.524	1887	385	41	3150344	3152209	3286811	3288660	0.0	977	
NC_008769.1	NC_002944.2	84.577	992	143	9	3656361	3657347	3704587	3705573	0.0	976	
NC_008769.1	NC_002944.2	82.936	1090	179	5	294692	295776	4067760	4068847	0.0	976	
NC_008769.1	NC_002944.2	82.389	1130	186	10	301133	302251	4074039	4075166	0.0	972	
NC_008769.1	NC_002944.2	83.671	1035	163	6	3360716	3361747	3441529	3442560	0.0	970	
NC_008769.1	NC_002944.2	84.460	991	146	7	3557209	3558195	3704587	3705573	0.0	970	
NC_008769.1	NC_002944.2	84.211	1007	144	12	2374355	2375354	2076221	2077219	0.0	965	
NC_008769.1	NC_002944.2	76.554	1915	355	69	1031306	1033195	847126	848971	0.0	963	
NC_008769.1	NC_002944.2	83.846	1040	139	8	685819	686857	4522571	4523582	0.0	963	
NC_008769.1	NC_002944.2	83.980	1005	158	3	3047347	3048350	3223870	3224872	0.0	961	
NC_008769.1	NC_002944.2	85.466	922	134	0	3186917	3187838	3324458	3325379	0.0	961	
NC_008769.1	NC_002944.2	75.390	2117	454	47	240826	242897	4013117	4015211	0.0	961	
NC_008769.1	NC_002944.2	81.463	1176	213	5	296671	297843	4069749	4070922	0.0	959	
NC_008769.1	NC_002944.2	86.682	871	109	4	684754	685621	4519531	4520397	0.0	959	
NC_008769.1	NC_002944.2	83.059	1092	145	21	2476179	2477232	2177418	2178507	0.0	955	
NC_008769.1	NC_002944.2	84.906	954	132	12	52929	53877	24266	25212	0.0	953	
NC_008769.1	NC_002944.2	75.905	2017	400	74	2154925	2156895	1821276	1823252	0.0	953	
NC_008769.1	NC_002944.2	77.561	1640	325	35	359078	360698	4143185	4144800	0.0	950	
NC_008769.1	NC_002944.2	88.272	793	93	0	626250	627042	4454098	4454890	0.0	950	
NC_008769.1	NC_002944.2	79.335	1384	251	26	2862354	2863726	1113389	1112030	0.0	939	
NC_008769.1	NC_002944.2	79.585	1396	219	43	2478038	2479398	2181514	2182878	0.0	939	
NC_008769.1	NC_002944.2	83.735	996	156	6	1659988	1660980	1239057	1240049	0.0	937	
NC_008769.1	NC_002944.2	79.745	1333	239	24	467798	469115	4328944	4327628	0.0	937	
NC_008769.1	NC_002944.2	78.858	1419	275	23	3114619	3116026	3253885	3255289	0.0	935	
NC_008769.1	NC_002944.2	81.722	1138	178	23	4072495	4073619	439742	438622	0.0	922	
NC_008769.1	NC_002944.2	77.156	1681	325	47	2057524	2059184	1675816	1677457	0.0	922	
NC_008769.1	NC_002944.2	74.194	2480	519	100	1880672	1883101	1972212	1969804	0.0	922	
NC_008769.1	NC_002944.2	84.395	942	144	3	1373934	1374873	2900572	2899632	0.0	922	
NC_008769.1	NC_002944.2	76.136	1827	395	36	2179285	2181101	1800697	1802492	0.0	920	
NC_008769.1	NC_002944.2	83.108	1036	147	14	1815300	1816308	1392462	1393496	0.0	918	
NC_008769.1	NC_002944.2	75.998	1904	382	56	2014364	2016234	1634962	1636823	0.0	915	
NC_008769.1	NC_002944.2	81.868	1103	184	9	493014	494114	4313412	4312324	0.0	915	
NC_008769.1	NC_002944.2	79.200	1375	238	37	1237280	1238630	1073649	1074999	0.0	911	
NC_008769.1	NC_002944.2	81.228	1140	200	13	1745913	1747050	1322040	1323167	0.0	907	
NC_008769.1	NC_002944.2	79.891	1283	223	19	2371208	2372470	2073202	2074469	0.0	907	
NC_008769.1	NC_002944.2	84.855	898	132	2	589695	590588	4422786	4423683	0.0	902	
NC_008769.1	NC_002944.2	85.950	847	111	7	1417565	1418407	2855153	2854311	0.0	898	
NC_008769.1	NC_002944.2	76.225	1775	376	33	2953834	2955577	3135165	3136924	0.0	898	
NC_008769.1	NC_002944.2	72.955	2910	659	96	4103781	4106636	387375	384540	0.0	896	
NC_008769.1	NC_002944.2	74.798	2107	469	50	145146	147219	1319195	1321272	0.0	893	
NC_008769.1	NC_002944.2	86.380	815	111	0	3027119	3027933	3196221	3197035	0.0	891	
NC_008769.1	NC_002944.2	80.065	1224	222	18	3523791	3525005	3665843	3667053	0.0	889	
NC_008769.1	NC_002944.2	78.808	1359	259	25	3374036	3375381	3455238	3456580	0.0	887	
NC_008769.1	NC_002944.2	82.656	1009	165	9	4238075	4239079	223978	222976	0.0	885	
NC_008769.1	NC_002944.2	76.849	1663	325	45	1880671	1882300	1479767	1481402	0.0	883	
NC_008769.1	NC_002944.2	84.385	903	135	4	1441575	1442474	2813754	2812855	0.0	881	
NC_008769.1	NC_002944.2	81.612	1104	168	26	473914	475005	4323138	4322058	0.0	881	
NC_008769.1	NC_002944.2	79.902	1224	227	13	3349677	3350889	3430106	3431321	0.0	880	
NC_008769.1	NC_002944.2	74.556	2142	479	56	2118265	2120380	1735265	1737366	0.0	876	
NC_008769.1	NC_002944.2	79.723	1228	235	14	2789621	2790841	2600784	2602004	0.0	876	
NC_008769.1	NC_002944.2	76.971	1598	329	29	298013	299595	4071047	4072620	0.0	876	
NC_008769.1	NC_002944.2	81.021	1117	192	17	4129426	4130533	335634	336739	0.0	870	
NC_008769.1	NC_002944.2	85.029	855	126	2	3552316	3553169	3693937	3694790	0.0	869	
NC_008769.1	NC_002944.2	85.029	855	126	2	3651468	3652321	3693937	3694790	0.0	869	
NC_008769.1	NC_002944.2	74.341	2237	481	75	3249669	3251863	1481954	1479769	0.0	865	
NC_008769.1	NC_002944.2	82.122	1018	175	7	1462763	1463778	2792535	2791523	0.0	865	
NC_008769.1	NC_002944.2	80.223	1168	213	18	1411663	1412821	2860518	2859360	0.0	861	
NC_008769.1	NC_002944.2	81.931	1046	162	17	1312265	1313290	2966036	2964998	0.0	859	
NC_008769.1	NC_002944.2	80.614	1140	193	23	2428565	2429695	2126971	2128091	0.0	856	
NC_008769.1	NC_002944.2	81.704	1033	183	6	435755	436784	4284186	4285215	0.0	856	
NC_008769.1	NC_002944.2	79.933	1196	212	23	3933216	3934392	573073	571887	0.0	854	
NC_008769.1	NC_002944.2	80.507	1144	197	20	3269446	3270577	3335507	3336636	0.0	854	
NC_008769.1	NC_002944.2	80.121	1157	219	10	1096578	1097728	929709	930860	0.0	852	
NC_008769.1	NC_002944.2	86.181	796	100	7	2895269	2896057	1075999	1075207	0.0	852	
NC_008769.1	NC_002944.2	87.500	736	92	0	1127262	1127997	948352	949087	0.0	850	
NC_008769.1	NC_002944.2	79.381	1227	235	18	239596	240814	4011823	4013039	0.0	848	
NC_008769.1	NC_002944.2	87.025	763	86	9	766335	767090	4584016	4584772	0.0	848	
NC_008769.1	NC_002944.2	87.248	745	90	5	3348450	3349192	3429166	3429907	0.0	845	
NC_008769.1	NC_002944.2	86.933	750	98	0	3438444	3439193	668251	667502	0.0	843	
NC_008769.1	NC_002944.2	82.121	990	172	5	3461122	3462108	3540914	3541901	0.0	843	
NC_008769.1	NC_002944.2	84.881	840	119	7	1670387	1671222	1245497	1246332	0.0	841	
NC_008769.1	NC_002944.2	72.117	3156	759	86	142778	145862	1541180	1544285	0.0	841	
NC_008769.1	NC_002944.2	80.993	1068	191	10	4178276	4179339	290474	289415	0.0	837	
NC_008769.1	NC_002944.2	84.284	859	125	9	2366328	2367181	2041993	2042846	0.0	830	
NC_008769.1	NC_002944.2	78.956	1245	242	18	2533249	2534483	2248536	2249770	0.0	830	
NC_008769.1	NC_002944.2	79.409	1219	215	21	3760821	3762023	3853872	3855070	0.0	828	
NC_008769.1	NC_002944.2	83.713	878	139	4	1094603	1095478	927681	928556	0.0	826	
NC_008769.1	NC_002944.2	86.711	745	97	2	1968571	1969314	2957448	2958191	0.0	826	
NC_008769.1	NC_002944.2	83.535	911	122	21	3146299	3147185	3280954	3281860	0.0	826	
NC_008769.1	NC_002944.2	82.427	956	159	6	532982	533937	4364113	4365059	0.0	826	
NC_008769.1	NC_002944.2	83.315	905	137	12	3172251	3173151	3311082	3311976	0.0	822	
NC_008769.1	NC_002944.2	86.262	757	100	4	3091245	3091999	3234171	3234925	0.0	819	
NC_008769.1	NC_002944.2	88.116	690	80	2	611601	612289	4441997	4442685	0.0	819	
NC_008769.1	NC_002944.2	83.207	923	124	18	1227517	1228419	1064788	1065699	0.0	817	
NC_008769.1	NC_002944.2	78.444	1285	250	21	1887068	1888332	1473375	1474652	0.0	813	
NC_008769.1	NC_002944.2	71.863	3028	787	49	2694371	2697364	1364675	1367671	0.0	811	
NC_008769.1	NC_002944.2	78.210	1363	230	45	1534104	1535425	2718849	2717513	0.0	809	
NC_008769.1	NC_002944.2	80.376	1116	178	22	1302558	1303647	2971626	2970526	0.0	809	
NC_008769.1	NC_002944.2	81.558	1014	158	18	3292509	3293494	3359123	3360135	0.0	809	
NC_008769.1	NC_002944.2	76.614	1518	323	26	3595733	3597237	3749430	3750928	0.0	808	
NC_008769.1	NC_002944.2	83.584	865	138	4	3790194	3791056	3866422	3867284	0.0	808	
NC_008769.1	NC_002944.2	85.551	789	91	16	779425	780205	4597994	4598767	0.0	804	
NC_008769.1	NC_002944.2	79.615	1143	214	12	2691350	2692476	1747627	1746488	0.0	802	
NC_008769.1	NC_002944.2	75.437	1718	387	31	1507420	1509121	2740694	2738996	0.0	802	
NC_008769.1	NC_002944.2	77.713	1364	262	32	1852293	1853641	1449279	1450615	0.0	797	
NC_008769.1	NC_002944.2	72.659	2681	630	80	807067	809697	4189230	4186603	0.0	795	
NC_008769.1	NC_002944.2	88.306	667	72	6	688431	689092	4525244	4525909	0.0	795	
NC_008769.1	NC_002944.2	78.554	1231	245	16	2120453	2121673	1737466	1738687	0.0	793	
NC_008769.1	NC_002944.2	81.537	1002	149	21	596597	597593	4428497	4429467	0.0	793	
NC_008769.1	NC_002944.2	80.603	1062	174	23	3120685	3121725	3258033	3259083	0.0	791	
NC_008769.1	NC_002944.2	80.223	1077	193	12	3177517	3178577	3314618	3315690	0.0	791	
NC_008769.1	NC_002944.2	82.671	906	142	10	548323	549223	4379802	4380697	0.0	789	
NC_008769.1	NC_002944.2	76.401	1517	327	22	777843	779342	4595967	4597469	0.0	789	
NC_008769.1	NC_002944.2	82.470	907	152	6	2610792	2611696	2375476	2376377	0.0	787	
NC_008769.1	NC_002944.2	83.690	840	131	6	351620	352456	4130509	4131345	0.0	787	
NC_008769.1	NC_002944.2	78.773	1206	230	16	2072189	2073390	1689080	1690263	0.0	785	
NC_008769.1	NC_002944.2	81.138	1002	169	16	3537468	3538453	3679508	3680505	0.0	785	
NC_008769.1	NC_002944.2	80.604	1026	187	10	2950562	2951581	3131979	3132998	0.0	782	
NC_008769.1	NC_002944.2	71.927	3124	726	118	142797	145840	1547529	1550581	0.0	771	
NC_008769.1	NC_002944.2	81.976	921	153	10	2546177	2547090	3619613	3620527	0.0	769	
NC_008769.1	NC_002944.2	78.517	1173	249	2	2124611	2125783	1748674	1749843	0.0	767	
NC_008769.1	NC_002944.2	84.105	799	114	11	4236967	4237760	225099	224309	0.0	760	
NC_008769.1	NC_002944.2	88.961	616	67	1	1168781	1169395	1023279	1023894	0.0	760	
NC_008769.1	NC_002944.2	84.496	774	115	5	489413	490184	4318866	4318096	0.0	760	
NC_008769.1	NC_002944.2	75.099	1775	366	55	600683	602408	4432456	4434203	0.0	760	
NC_008769.1	NC_002944.2	84.125	800	107	17	2790945	2791735	2602154	2602942	0.0	756	
NC_008769.1	NC_002944.2	83.960	798	118	8	3029057	3029850	3199096	3199887	0.0	756	
NC_008769.1	NC_002944.2	82.514	875	140	12	591676	592543	4424647	4425515	0.0	756	
NC_008769.1	NC_002944.2	80.603	995	178	10	3157328	3158310	3291278	3292269	0.0	754	
NC_008769.1	NC_002944.2	80.757	977	178	10	419109	420081	4268377	4269347	0.0	754	
NC_008769.1	NC_002944.2	73.662	2130	474	71	4298407	4300496	188630	186548	0.0	745	
NC_008769.1	NC_002944.2	83.842	786	123	4	1241894	1242677	3040722	3039939	0.0	745	
NC_008769.1	NC_002944.2	83.985	793	110	9	3002248	3003033	3176859	3177641	0.0	745	
NC_008769.1	NC_002944.2	80.870	988	152	21	2985416	2986398	3163469	3164424	0.0	743	
NC_008769.1	NC_002944.2	72.814	2630	547	125	278933	281478	4045804	4048349	0.0	741	
NC_008769.1	NC_002944.2	76.614	1394	290	27	2643676	2645051	2450286	2451661	0.0	736	
NC_008769.1	NC_002944.2	79.784	1019	200	6	1438614	1439629	2816711	2815696	0.0	736	
NC_008769.1	NC_002944.2	81.716	886	158	4	1255792	1256675	3032916	3032033	0.0	736	
NC_008769.1	NC_002944.2	79.437	1065	197	19	1287634	1288684	315305	314249	0.0	734	
NC_008769.1	NC_002944.2	81.009	932	169	7	1666494	1667421	1241786	1242713	0.0	734	
NC_008769.1	NC_002944.2	79.709	1030	198	10	651865	652890	4487567	4488589	0.0	734	
NC_008769.1	NC_002944.2	78.031	1229	224	29	2965083	2966293	3142459	3143659	0.0	732	
NC_008769.1	NC_002944.2	81.311	915	155	13	1217957	1218857	1060019	1060931	0.0	728	
NC_008769.1	NC_002944.2	76.963	1363	254	44	2884498	2885824	1319986	1321324	0.0	723	
NC_008769.1	NC_002944.2	79.031	1073	212	12	3036820	3037885	3212671	3213737	0.0	723	
NC_008769.1	NC_002944.2	75.584	1540	332	34	965372	966893	691927	693440	0.0	721	
NC_008769.1	NC_002944.2	79.412	1054	192	22	1887280	1888322	1965902	1964863	0.0	721	
NC_008769.1	NC_002944.2	79.353	1051	195	19	1887280	1888322	1972001	1970965	0.0	719	
NC_008769.1	NC_002944.2	75.632	1543	325	33	2756532	2758059	2580394	2581900	0.0	719	
NC_008769.1	NC_002944.2	79.776	984	195	4	2661715	2662696	2460132	2461113	0.0	712	
NC_008769.1	NC_002944.2	76.941	1288	271	20	1185017	1186298	1040658	1039391	0.0	710	
NC_008769.1	NC_002944.2	83.312	785	116	12	1833259	1834034	1410029	1410807	0.0	710	
NC_008769.1	NC_002944.2	80.984	915	154	16	3280192	3281100	3344005	3344905	0.0	708	
NC_008769.1	NC_002944.2	78.249	1131	220	23	1070411	1071534	3763703	3764814	0.0	702	
NC_008769.1	NC_002944.2	75.158	1578	346	34	2430644	2432200	2128975	2130527	0.0	701	
NC_008769.1	NC_002944.2	87.899	595	68	4	4003948	4004539	503057	502464	0.0	697	
NC_008769.1	NC_002944.2	84.792	697	103	3	2842295	2842990	1128581	1127887	0.0	697	
NC_008769.1	NC_002944.2	87.418	612	69	5	2409213	2409822	2106973	2107578	0.0	697	
NC_008769.1	NC_002944.2	81.149	870	160	3	4238089	4238957	1764578	1765444	0.0	695	
NC_008769.1	NC_002944.2	74.654	1661	378	35	716983	718620	3999182	4000822	0.0	695	
NC_008769.1	NC_002944.2	76.941	1275	258	29	1880672	1881934	1966113	1964863	0.0	693	
NC_008769.1	NC_002944.2	84.006	719	115	0	1669535	1670253	1244735	1245453	0.0	691	
NC_008769.1	NC_002944.2	85.868	651	90	2	2963709	2964358	3141091	3141740	0.0	691	
NC_008769.1	NC_002944.2	80.625	960	127	43	10263	11187	10223	11158	0.0	688	
NC_008769.1	NC_002944.2	80.625	960	127	43	39930	40854	10223	11158	0.0	688	
NC_008769.1	NC_002944.2	83.629	733	118	2	593553	594284	4425652	4426383	0.0	688	
NC_008769.1	NC_002944.2	84.529	711	90	9	3050392	3051084	3224948	3225656	0.0	686	
NC_008769.1	NC_002944.2	84.248	711	105	7	3719903	3720611	3841412	3842117	0.0	686	
NC_008769.1	NC_002944.2	76.651	1302	263	30	2955667	2956946	3135642	3136924	0.0	682	
NC_008769.1	NC_002944.2	80.324	925	163	11	344499	345407	4126815	4127736	0.0	682	
NC_008769.1	NC_002944.2	81.894	834	124	21	3089774	3090586	3233286	3234113	0.0	678	
NC_008769.1	NC_002944.2	79.077	1018	187	19	1273045	1274055	3011791	3010793	0.0	676	
NC_008769.1	NC_002944.2	84.753	669	98	4	358354	359020	4138642	4139308	0.0	667	
NC_008769.1	NC_002944.2	86.469	606	82	0	4133468	4134073	338849	339454	0.0	665	
NC_008769.1	NC_002944.2	76.197	1357	268	41	3708524	3709845	3829006	3830342	0.0	665	
NC_008769.1	NC_002944.2	75.344	1452	318	36	4352583	4354014	4460164	4461595	0.0	662	
NC_008769.1	NC_002944.2	79.634	928	178	9	1616470	1617390	1195971	1196894	0.0	656	
NC_008769.1	NC_002944.2	79.888	895	175	4	2863776	2864669	1112006	1111116	0.0	651	
NC_008769.1	NC_002944.2	86.432	597	77	4	3551382	3551976	3692928	3693522	0.0	651	
NC_008769.1	NC_002944.2	86.432	597	77	4	3650534	3651128	3692928	3693522	0.0	651	
NC_008769.1	NC_002944.2	79.372	955	171	22	475120	476060	1938315	1939257	0.0	649	
NC_008769.1	NC_002944.2	85.256	624	92	0	3975937	3976560	537630	537007	0.0	643	
NC_008769.1	NC_002944.2	82.377	749	116	13	2075731	2076471	1692561	1693301	1.60e-179	638	
NC_008769.1	NC_002944.2	76.286	1244	254	35	3702837	3704065	2154489	2153272	1.24e-175	625	
NC_008769.1	NC_002944.2	76.286	1244	254	35	920600	921828	2154489	2153272	1.24e-175	625	
NC_008769.1	NC_002944.2	76.451	1223	247	35	920600	921807	3649106	3650302	1.24e-175	625	
NC_008769.1	NC_002944.2	76.451	1223	247	35	3702837	3704044	3649106	3650302	1.24e-175	625	
NC_008769.1	NC_002944.2	80.093	864	152	16	191689	192542	3952034	3952887	1.24e-175	625	
NC_008769.1	NC_002944.2	79.372	892	176	8	2416506	2417392	2114404	2115292	1.61e-174	621	
NC_008769.1	NC_002944.2	82.803	692	108	9	1804761	1805445	1382132	1382819	1.25e-170	608	
NC_008769.1	NC_002944.2	89.452	493	32	11	954223	954709	686919	687397	1.62e-169	604	
NC_008769.1	NC_002944.2	81.536	742	129	7	1934352	1935087	1522444	1523183	1.62e-169	604	
NC_008769.1	NC_002944.2	77.767	1021	201	23	3525074	3526082	3667054	3668060	1.62e-169	604	
NC_008769.1	NC_002944.2	80.500	800	146	10	3638476	3639270	3800507	3801301	1.62e-169	604	
NC_008769.1	NC_002944.2	80.500	800	146	10	3674639	3675433	3800507	3801301	1.62e-169	604	
NC_008769.1	NC_002944.2	79.647	850	166	6	769174	770018	4570290	4571137	1.62e-169	604	
NC_008769.1	NC_002944.2	83.485	660	98	6	812042	812701	4616854	4617502	1.62e-169	604	
NC_008769.1	NC_002944.2	73.501	1751	386	68	1288737	1290451	2610315	2612023	1.26e-165	592	
NC_008769.1	NC_002944.2	87.595	524	48	5	2934006	2934526	3081289	3081798	1.26e-165	592	
NC_008769.1	NC_002944.2	85.077	583	83	3	3145570	3146150	3280382	3280962	1.26e-165	592	
NC_008769.1	NC_002944.2	87.354	514	63	2	3473639	3474151	3560090	3560602	1.63e-164	588	
NC_008769.1	NC_002944.2	79.230	857	150	14	3884125	3884958	602836	601985	1.64e-159	571	
NC_008769.1	NC_002944.2	86.598	485	57	5	1588980	1589460	1176075	1176555	1.00e-146	529	
NC_008769.1	NC_002944.2	86.392	485	64	2	194674	195157	3955404	3955887	1.00e-146	529	
NC_008769.1	NC_002944.2	77.495	942	168	28	4297465	4298386	189540	188623	1.30e-145	525	
NC_008769.1	NC_002944.2	82.892	567	95	2	1143509	1144073	958988	959554	1.31e-140	508	
NC_008769.1	NC_002944.2	82.986	576	85	12	645586	646156	4481297	4481864	1.31e-140	508	
NC_008769.1	NC_002944.2	89.340	394	42	0	3843068	3843461	4715271	4714878	1.02e-136	496	
NC_008769.1	NC_002944.2	73.005	1604	355	65	559428	560989	4733343	4734910	1.32e-135	492	
NC_008769.1	NC_002944.2	80.335	656	119	8	748109	748759	4561254	4561904	1.70e-134	488	
NC_008769.1	NC_002944.2	78.715	747	133	21	408782	409512	4242157	4242893	1.32e-130	475	
NC_008769.1	NC_002944.2	83.594	512	75	8	2185511	2186017	1806407	1806914	1.71e-129	472	
NC_008769.1	NC_002944.2	77.427	824	154	24	186580	187384	1764634	1765444	1.03e-126	462	
NC_008769.1	NC_002944.2	86.091	417	54	4	769607	770021	4425068	4425482	1.04e-121	446	
NC_008769.1	NC_002944.2	76.630	813	168	13	1416645	1417437	2856929	2856119	1.05e-116	429	
NC_008769.1	NC_002944.2	79.350	615	115	11	3405415	3406023	2854377	2854985	1.75e-114	422	
NC_008769.1	NC_002944.2	77.493	742	142	17	3388175	3388911	3502427	3503148	1.75e-114	422	
NC_008769.1	NC_002944.2	86.207	377	52	0	4295834	4296210	192052	191676	1.36e-110	409	
NC_008769.1	NC_002944.2	90.354	311	30	0	3165734	3166044	3304762	3305072	1.36e-110	409	
NC_008769.1	NC_002944.2	77.094	764	136	30	469714	470456	4326022	4325277	1.76e-109	405	
NC_008769.1	NC_002944.2	81.551	477	86	2	76276	76751	56196	56671	1.37e-105	392	
NC_008769.1	NC_002944.2	82.213	461	72	7	338337	338792	4120888	4121343	1.78e-104	388	
NC_008769.1	NC_002944.2	79.029	577	99	20	3092520	3093085	1928969	1929534	1.38e-100	375	
NC_008769.1	NC_002944.2	88.889	306	33	1	1383883	1384188	2887121	2886817	1.38e-100	375	
NC_008769.1	NC_002944.2	81.195	452	83	2	4207213	4207663	258940	258490	1.08e-96	363	
NC_008769.1	NC_002944.2	87.742	310	35	3	4073755	4074063	438552	438245	1.39e-95	359	
NC_008769.1	NC_002944.2	74.405	1008	178	51	3573716	3574693	3726626	3727583	1.39e-95	359	
NC_008769.1	NC_002944.2	74.438	845	192	23	591676	592508	143895	143063	1.40e-90	342	
NC_008769.1	NC_002944.2	80.846	449	74	10	409597	410039	4242918	4243360	1.40e-90	342	
NC_008769.1	NC_002944.2	83.844	359	44	12	2048576	2048926	1663653	1664005	1.09e-86	329	
NC_008769.1	NC_002944.2	83.333	360	49	8	882143	882496	455588	455234	1.83e-84	322	
NC_008769.1	NC_002944.2	74.714	787	168	27	2188467	2189236	601802	601030	1.83e-84	322	
NC_008769.1	NC_002944.2	74.286	805	187	18	1776512	1777306	2503574	2504368	1.83e-84	322	
NC_008769.1	NC_002944.2	72.342	1157	264	45	4251741	4252870	211196	210069	1.10e-81	313	
NC_008769.1	NC_002944.2	77.390	544	112	7	3103460	3104002	3241503	3242036	1.10e-81	313	
NC_008769.1	NC_002944.2	88.015	267	24	6	4141761	4142021	347351	347615	1.42e-80	309	
NC_008769.1	NC_002944.2	72.242	1124	270	39	503723	504820	4650552	4651659	1.42e-80	309	
NC_008769.1	NC_002944.2	84.026	313	44	6	882143	882452	873791	874100	1.11e-76	296	
NC_008769.1	NC_002944.2	76.432	611	103	28	2554246	2554823	4561878	4561276	1.43e-75	292	
NC_008769.1	NC_002944.2	87.903	248	30	0	3814997	3815244	4747600	4747353	1.43e-75	292	
NC_008769.1	NC_002944.2	73.987	765	175	23	1065738	1066490	3764456	3763704	1.85e-74	289	
NC_008769.1	NC_002944.2	76.550	516	109	11	3330365	3330874	3400126	3400635	1.87e-69	272	
NC_008769.1	NC_002944.2	92.350	183	12	1	1503380	1503560	2747833	2747651	1.45e-65	259	
NC_008769.1	NC_002944.2	88.614	202	23	0	2334589	2334790	2009872	2010073	1.13e-61	246	
NC_008769.1	NC_002944.2	75.714	490	111	8	337099	337584	1991095	1991580	1.89e-59	239	
NC_008769.1	NC_002944.2	75.439	513	114	8	4017613	4018119	4316319	4315813	1.89e-59	239	
NC_008769.1	NC_002944.2	76.538	439	91	12	3965761	3966194	546228	545797	1.14e-56	230	
NC_008769.1	NC_002944.2	73.810	672	136	34	3092443	3093094	2862583	2863234	1.14e-56	230	
NC_008769.1	NC_002944.2	92.994	157	8	2	3717253	3717406	3838570	3838726	1.47e-55	226	
NC_008769.1	NC_002944.2	85.526	228	15	6	3046143	3046354	3223188	3223413	1.91e-54	222	
NC_008769.1	NC_002944.2	75.819	397	91	4	625121	625513	4570720	4571115	1.15e-46	196	
NC_008769.1	NC_002944.2	76.166	386	80	11	1410640	1411019	1929379	1929000	1.49e-45	193	
NC_008769.1	NC_002944.2	93.388	121	5	1	55258	55375	26716	26836	1.50e-40	176	
NC_008769.1	NC_002944.2	100.000	93	0	0	764385	764477	4582010	4582102	1.95e-39	172	
NC_008769.1	NC_002944.2	95.146	103	5	0	3146129	3146231	3253708	3253810	1.17e-36	163	
NC_008769.1	NC_002944.2	83.146	178	27	3	1055695	1055870	889394	889570	1.52e-35	159	
NC_008769.1	NC_002944.2	73.347	484	107	19	1369075	1369550	1207453	1207922	1.52e-35	159	
NC_008769.1	NC_002944.2	74.731	372	87	5	513488	513856	3393209	3393576	1.52e-35	159	
NC_008769.1	NC_002944.2	78.571	252	43	9	1559668	1559915	1207922	1207678	1.96e-34	156	
NC_008769.1	NC_002944.2	78.210	257	47	9	226930	227182	2345163	2344912	1.96e-34	156	
NC_008769.1	NC_002944.2	92.857	98	7	0	990680	990777	3253661	3253758	1.53e-30	143	
NC_008769.1	NC_002944.2	92.857	98	7	0	990680	990777	3253714	3253811	1.53e-30	143	
NC_008769.1	NC_002944.2	100.000	75	0	0	2558858	2558932	2305775	2305849	1.97e-29	139	
NC_008769.1	NC_002944.2	91.429	105	3	5	2949587	2949687	3253763	3253661	1.97e-29	139	
NC_008769.1	NC_002944.2	86.555	119	14	2	2968396	2968513	408348	408231	1.19e-26	130	
NC_008769.1	NC_002944.2	76.587	252	50	6	3030345	3030587	1046837	1047088	1.19e-26	130	
NC_008769.1	NC_002944.2	78.138	247	25	18	3317455	3317682	3380882	3381118	1.19e-26	130	
NC_008769.1	NC_002944.2	75.849	265	58	5	506625	506886	4651398	4651659	1.19e-26	130	
NC_008769.1	NC_002944.2	83.333	132	22	0	808064	808195	1305883	1306014	1.99e-24	122	
NC_008769.1	NC_002944.2	71.192	604	143	25	3802543	3803129	4659851	4659262	1.99e-24	122	
NC_008769.1	NC_002944.2	72.449	392	104	4	3802771	3803160	4660555	4660166	1.99e-24	122	
NC_008769.1	NC_002944.2	90.588	85	8	0	990668	990752	4020802	4020718	1.20e-21	113	
NC_008769.1	NC_002944.2	79.355	155	32	0	3455210	3455364	1673563	1673717	1.55e-20	110	
NC_008769.1	NC_002944.2	73.116	398	72	30	2717293	2717679	2540891	2541264	1.55e-20	110	
NC_008769.1	NC_002944.2	72.749	422	80	21	3490174	3490586	3572164	3572559	1.55e-20	110	
NC_008769.1	NC_002944.2	93.243	74	5	0	3146187	3146260	4020791	4020718	1.55e-20	110	
NC_008769.1	NC_002944.2	93.243	74	5	0	3146134	3146207	4020791	4020718	1.55e-20	110	
NC_008769.1	NC_002944.2	98.113	53	1	0	1835317	1835369	1035829	1035881	1.56e-15	93.5	
NC_008769.1	NC_002944.2	86.905	84	10	1	3903944	3904026	2912523	2912606	1.56e-15	93.5	
NC_008769.1	NC_002944.2	81.897	116	16	4	2514372	2514486	4394177	4394066	1.56e-15	93.5	
NC_008769.1	NC_002944.2	100.000	43	0	0	3125399	3125441	392265	392223	1.21e-11	80.5	
NC_008769.1	NC_002944.2	95.918	49	2	0	3146183	3146231	1035830	1035878	1.21e-11	80.5	
NC_008769.1	NC_002944.2	100.000	43	0	0	2652211	2652253	1035877	1035835	1.21e-11	80.5	
NC_008769.1	NC_002944.2	95.918	49	2	0	2510613	2510661	1082501	1082453	1.21e-11	80.5	
NC_008769.1	NC_002944.2	95.918	49	2	0	2510454	2510502	1082501	1082453	1.21e-11	80.5	
NC_008769.1	NC_002944.2	100.000	43	0	0	1669388	1669430	1082495	1082453	1.21e-11	80.5	
NC_008769.1	NC_002944.2	100.000	43	0	0	1669335	1669377	1082495	1082453	1.21e-11	80.5	
NC_008769.1	NC_002944.2	100.000	43	0	0	1669282	1669324	1082495	1082453	1.21e-11	80.5	
NC_008769.1	NC_002944.2	94.340	53	2	1	990726	990777	3124913	3124861	1.21e-11	80.5	
NC_008769.1	NC_002944.2	97.826	46	1	0	3146240	3146285	3124906	3124861	1.21e-11	80.5	
NC_008769.1	NC_002944.2	100.000	43	0	0	990733	990775	4020790	4020748	1.21e-11	80.5	
NC_008769.1	NC_002944.2	94.000	50	3	0	3186748	3186797	550250	550299	1.57e-10	76.8	
NC_008769.1	NC_002944.2	94.000	50	3	0	3186804	3186853	550250	550299	1.57e-10	76.8	
NC_008769.1	NC_002944.2	94.000	50	3	0	3186860	3186909	550250	550299	1.57e-10	76.8	
NC_008769.1	NC_002944.2	73.043	230	56	6	1709697	1709923	694820	695046	1.57e-10	76.8	
NC_008769.1	NC_002944.2	94.118	51	2	1	990673	990722	3124913	3124863	1.57e-10	76.8	
NC_008769.1	NC_002944.2	94.118	51	1	2	2949587	2949636	3253710	3253661	1.57e-10	76.8	
NC_008769.1	NC_002944.2	94.118	51	1	2	990680	990729	3253767	3253816	1.57e-10	76.8	
NC_008769.1	NC_002944.2	89.796	49	5	0	1478477	1478525	347295	347343	1.22e-06	63.9	
NC_008769.1	NC_002944.2	88.679	53	4	2	235430	235481	594291	594342	1.22e-06	63.9	
NC_008769.1	NC_002944.2	93.023	43	3	0	1484040	1484082	1082453	1082495	1.22e-06	63.9	
NC_008769.1	NC_002944.2	100.000	34	0	0	2681541	2681574	1195946	1195913	1.22e-06	63.9	
NC_008769.1	NC_002944.2	100.000	34	0	0	1650180	1650213	2545079	2545112	1.22e-06	63.9	
NC_008769.1	NC_002944.2	93.023	43	3	0	2652211	2652253	3124863	3124905	1.22e-06	63.9	
NC_008769.1	NC_002944.2	82.192	73	13	0	355491	355563	3463570	3463642	1.22e-06	63.9	
NC_008769.1	NC_002944.2	93.023	43	3	0	3579099	3579141	4020790	4020748	1.22e-06	63.9	
NC_008769.1	NC_002944.2	100.000	34	0	0	372998	373031	4221354	4221387	1.22e-06	63.9	
NC_008769.1	NC_002944.2	94.737	38	2	0	2920254	2920291	268881	268844	1.58e-05	60.2	
NC_008769.1	NC_002944.2	92.857	42	2	1	990683	990723	541500	541459	1.58e-05	60.2	
NC_008769.1	NC_002944.2	94.872	39	1	1	3146244	3146281	541500	541462	1.58e-05	60.2	
NC_008769.1	NC_002944.2	94.872	39	1	1	3146191	3146228	541500	541462	1.58e-05	60.2	
NC_008769.1	NC_002944.2	94.872	39	1	1	3146138	3146175	541500	541462	1.58e-05	60.2	
NC_008769.1	NC_002944.2	94.872	39	1	1	990736	990773	541500	541462	1.58e-05	60.2	
NC_008769.1	NC_002944.2	97.143	35	1	0	833849	833883	944975	945009	1.58e-05	60.2	
NC_008769.1	NC_002944.2	97.143	35	1	0	833903	833937	944975	945009	1.58e-05	60.2	
NC_008769.1	NC_002944.2	87.037	54	5	2	2443467	2443519	2142045	2142097	1.58e-05	60.2	
NC_008769.1	NC_002944.2	100.000	32	0	0	3030008	3030039	3126315	3126284	1.58e-05	60.2	
NC_008769.1	NC_002944.2	100.000	28	0	0	547644	547671	279174	279201	0.003	52.8	
NC_008769.1	NC_002944.2	100.000	28	0	0	547644	547671	279228	279255	0.003	52.8	
NC_008769.1	NC_002944.2	100.000	28	0	0	826889	826916	944975	945002	0.003	52.8	
NC_008769.1	NC_002944.2	96.774	31	1	0	3272973	3273003	1082502	1082472	0.003	52.8	
